0.00114582472458189	-0.00327597905164706	0.00308548415053528
0.00672256217175945	-0.000274670259919785	-0.00571884535961532
0.00445869163040108	0.000343507013645549	-0.00308040410739590
-0.00227251214549072	0.000948903803452726	0.00196605605040424
-0.00684078275648331	-0.000412391538979772	0.00846569426237330
-0.0112129588957955	-0.00259901226702114	0.0151654578137895
0.00512043613352320	-0.00205189876951586	-0.00100499734413875
-0.000127893137857735	0.00357690893043142	-0.00242476064012325
-0.00102325864218634	-0.000232983368036825	0.00236977182291839
-0.00117258401941756	0.00105807359325173	0.00144943216109113
0.00182844584654403	-6.40192836872191e-05	-0.000420057371980249
0.00834475834875455	0.000858374207507589	-0.00803903600981218
-0.00335846686531153	-0.00297623818059228	0.00680623436902835
0.00267673644395122	-0.00153421823754600	8.03335447808510e-05
-0.00630182410850252	0.00226852852261123	0.00568379260966553
-0.00408609378327611	0.00350994843748210	0.00161925366923550
0.00571260943474485	-0.000406470677151340	-0.00338356237755350
-0.00210915627520033	0.00443061538987931	-0.000323399598246612
-0.00821510979003070	-0.00481997783743293	0.0149569905939816
0.0100000172121339	-0.00347232691663780	-0.00581435200819849
-0.00341782993335897	0.00109260864917689	0.00421391877143064
0.00383772594150883	-0.00278512976094865	0.000785864794678985
0.00481020726812651	0.000329249732882001	-0.00401893408159111
0.000296585943848227	-0.00299073311796519	0.00363612977133273
0.0104162551078399	-0.00203448502344896	-0.00698155858941195
0.00455242606560037	0.00263363242424842	-0.00564588789109300
-0.000535332521960335	0.00765790017731485	-0.00610988206342586
0.000485600685332097	-0.00165358854578477	0.00246344483840665
0.00960857966469611	-0.000682293015287109	-0.00796995236626286
-0.00616138091104516	-0.000664952287466968	0.00760041195128330
0.00344679430969012	0.00185918468651427	-0.00314626476015592
0.00276128014558188	-0.000439138889874953	-0.000306133109692964
-0.00551397109811885	-0.00167904005468200	0.00796091285273621
-0.00371823575257866	0.00387421236024695	0.00102431094893853
0.00362632532095436	0.00612935368053379	-0.00885554612424185
-0.000150415190300586	0.00100667895398821	7.65292471180243e-05
0.00125630959876672	-0.000938380298875802	0.000978369526075578
0.00296704150955891	0.00100353691023134	-0.00203140466873169
-0.00221278982302095	0.00365183315663670	0.000130686739852586
0.00294132199976955	1.71980318605163e-05	-0.00195694393980634
0.00530530962440991	-0.00249917753427376	-0.000646144978561917
0.00485746937643663	-0.00482065649975131	0.00217769448344103
-0.00466183835577957	0.00342904704875736	0.00228591969620950
-0.00298475356904457	0.00124337980898981	0.00328552631393031
0.00423823996691754	-0.000346367518749911	-0.00197613185571978
-0.00267784686475267	-0.000914204991679874	0.00488559611341304
0.000982301733998284	-0.00120823405841315	0.00125145012286740
0.00227881888286135	0.00277763025210297	-0.00397588727342584
0.00988659868137300	-0.00332765814843776	-0.00454954787333127
0.00502908419924315	-0.00176966189458107	-0.00101622705822789
0.00232284578651152	-0.000986491763133363	-6.60259793930102e-05
-0.00206349495168050	0.000701485974366340	0.00191375349720065
-0.0113526009676109	0.00198947064519899	0.0102352474048674
-0.000786109521388557	0.00262687263208047	-0.000477614513604760
-0.000858419176859640	0.000182805930468863	0.00214104774875845
0.00677677353553481	-0.00289629533671680	-0.00179005387047839
0.00254081305441576	0.00166267939074520	-0.00332146264076608
0.00217873812855164	-0.00478361714981912	0.00443686308880597
-0.00186410247743770	0.00253356084564709	0.00156197260610327
0.00193427187443696	0.00166347979729958	-0.00113196308992139
-0.00251946819289650	-0.00201320651953503	0.00706503641543231
0.0119135378438822	-0.00100959453149676	-0.00921820505955508
0.0104251012547388	-0.000546536289611568	-0.00807084601452623
-0.00178716102724543	0.000590274000536957	0.00377250825754892
0.000294283541685847	-0.00225678842312656	0.00329772898325491
-0.00213908477107707	0.00263132412863687	0.000500221675223014
0.0125323128725277	-0.00553874405265629	-0.00554125459082325
-0.00494025154440891	0.00199536399736972	0.00484668684720036
-0.00479593644986918	-0.000449940199927269	0.00664358669537337
0.000914569804798861	0.00530303199995530	-0.00544677459193305
0.00167808903055426	-0.000976972350170284	0.000462899376737212
-0.000108974716912472	0.00158274006289243	-0.00104360772597091
0.00635114915911752	-0.000324733456529307	-0.00449763667025187
0.00152436693185092	-0.00130789863706291	0.000551201753676929
-0.0109452467335541	0.00175791278350497	0.0108271774297596
0.00808110427880981	0.00486160786368009	-0.0123148803615025
-0.00794325028901440	0.00421884775576873	0.00487390572204099
0.00347044763802275	0.00342170323193348	-0.00568675380085511
-0.00821135396175451	0.00158128552005386	0.00847692519914900
0.00207209580520228	-0.00166376571401588	0.000575928824166069
-0.00886776504376821	-0.00391942774963686	0.0130388073701834
0.00153638073838804	0.000449710398865767	0.000194283733387268
-0.00586191286281224	0.00304690370557974	0.00363859288414770
-0.00416952336519087	0.00416816441214111	0.00188693860139288
-0.00269350635762119	0.00202408940421081	0.000836844636753911
-0.00631079998659996	0.000303769672406971	0.00750779683146828
0.00185862290548357	-0.000529316926875893	-0.00146030073622921
0.00283274378293330	-0.00146736206602101	0.000933818519604022
0.00482445365847010	0.000450889176352986	-0.00371158573971494
0.00341411501392586	0.00396770463389554	-0.00630078141365091
0.0182597495081958	0.000871202934136332	-0.0176636136461938
0.00404025374768536	0.000646973528205846	-0.00338475268101264
-0.00122997473748896	0.00230995890199689	-0.000531239109527753
-0.000464216756060704	-0.000751190738963572	0.00255513579719479
-0.00952637787285088	0.00715665067851721	0.00368515306036081
0.0121910114627331	0.00234777212784674	-0.0140365326985184
0.00171557414569981	0.00382377216901704	-0.00377407515912551
-0.00416055550002482	0.000365943843886681	0.00521291110423072
-0.00815133692034893	-0.00137268037019734	0.0104319916001512
0.00529827217921980	-0.00110413544944742	-0.00220154508453592
0.00574347976268692	-0.00113355775365250	-0.00274847267145118
0.00293479832337572	0.000286815956379589	-0.00172985338813951
-0.0121318449477866	0.00398685739296629	0.00948067664396722
-0.00132734558306043	-0.00177025562219308	0.00519002316405626
0.00408696724573124	0.00314270233428737	-0.00681449484778771
0.00457153317371115	-0.00313611433009082	-0.00111086543893410
-0.00691369323774790	0.00671769180875067	0.000571335980824815
-0.00149994793313738	-0.000709428253217887	0.00430168673152938
-0.00966228306314921	0.00447927011970381	0.00669596145506218
-0.00608292533571520	0.00157462882621170	0.00678339826856176
-0.00104381672041822	0.00115905812669573	0.000741740999058455
-0.00587541314272469	0.00390149159558305	0.00345801828535494
0.00444592875352854	-0.00185116941046800	-0.00131764893447342
0.00280464911170410	0.000713945134292853	-0.00170619544741896
0.00910844533300292	-0.00240032149371491	-0.00512752692436809
0.00511639152421428	0.00104598005278871	-0.00473042151706648
-0.000257790385903268	-0.00430793044405562	0.00631797400291016
0.000165206425111762	0.00481152354968407	-0.00306332672160039
0.00560689345866666	-0.00281713273306908	-0.00112626425056400
0.00209796540618945	0.000618771775675187	-0.00178948518770246
0.00439457456411406	0.000657793376839407	-0.00400977872217415
0.00622737383596708	0.00261785724110363	-0.00710014855816757
-0.00479988402409187	-0.00102501569133866	0.00743112625963810
0.000692144446196143	0.00143511569755158	-0.00101750886256914
0.00581917727937877	0.000245745038380268	-0.00449553006468172
0.00534761365406399	-0.00342566505123538	-0.00119953249949277
0.00149777198121493	0.00178442603085525	-0.00236923691036629
0.00600014514992340	-0.00542066906442316	0.000473818867011581
-0.000900115777107588	0.00106033176841858	0.00125838979186314
0.00611449861739493	0.00623439000075627	-0.0103429687294280
-0.00210885286477189	0.000690589672837732	0.00293075664128763
0.00315998207003161	0.00165119566381138	-0.00394029325999837
0.000720443789153812	-0.00101444727371229	0.000679574514824486
0.00226372421016986	-0.00171705225554710	0.000887815616749894
-0.00388292907164277	0.00233071661528569	0.00244077474229110
0.00195731459896734	0.00218085620719829	-0.00214948599684126
-0.00365889259781093	0.00447679950038148	0.000538617296325347
0.00180404122483461	0.00151571241482032	-0.00212790807761388
-0.00164676253048085	0.00583051154165191	-0.00358302275713624
-0.00242112504241913	0.00467757278573872	-0.000521647325335853
-0.00487235742256382	-0.00233191118238670	0.00895832033604115
-0.000833681595690924	-0.000652875266395671	0.00242685396912383
0.00642145236418581	-0.00302013346646317	-0.00171706889562172
-0.0135843630631117	0.00124315310849181	0.0136514390447153
0.00272639026863966	0.000842121877984809	-0.00281550872292480
0.00264597636320870	0.00154205716635034	-0.00183342453234913
-0.00835204540924269	-7.94931840120779e-05	0.0102092093332221
-0.00872743161847331	-0.00212085878704411	0.0124089462889698
-0.00635060110634297	-0.00106429200644816	0.00889878467150328
-0.00100962836120450	-0.000115374867860452	0.00284691804381993
0.00282565211105952	0.000107382364934468	-0.00158709090221323
0.00561434299632747	-0.000234620058249865	-0.00333388901585998
0.000275118613309778	-0.00547176813136129	0.00630591184322920
0.00475320781604933	0.000263411980047551	-0.00386531201740208
0.0110556276270117	-0.00381611359020755	-0.00619086353555170
-0.000768446347771024	-0.00113033794760262	0.00233577076287042
0.00427492272107869	-0.00179759034607953	-0.000580201317517442
0.00411806334395624	-0.00422530182298337	0.00112992845850620
-0.00428515853779257	0.00155401262275959	0.00423044822801740
-0.00893167774296174	-0.00264135272181232	0.0127513546273085
-0.000611889210854331	0.00150824823428906	-9.12811609145446e-05
0.00427927413447513	-0.00240484731574512	-0.00144703280099466
0.0105606432194781	0.00527165444068496	-0.0145056947250621
0.00459537484555567	-0.00287773050572331	-9.97964373966114e-05
0.000596135076181280	-0.000747565054592124	0.00174043240396391
-0.000696224980117833	-2.62128725503534e-05	0.00240016562163918
0.00794322390605775	-0.00229909921954370	-0.00379265318108925
-0.00676122360287319	0.00219690577658907	0.00588481758115798
0.00599904025540355	0.00139040243636817	-0.00669549850711447
0.000524198175366758	0.00222561789374764	-0.00190986693445538
0.000546949578487914	-0.00280265780615603	0.00356407896366577
0.00253200182271886	0.00104185560665585	-0.00269091286135711
0.00379721838218979	-0.00465748521209817	0.00167856070396566
0.00307874073331882	-0.000396217277963250	-0.00113305421857802
-0.00232890813953725	-0.00135370161062255	0.00425941173896591
-0.00968665033768948	0.000181555374851456	0.0113968260637416
-0.0104298118602696	-0.00337041935513866	0.0156695108896734
-0.000107009127150821	0.000294711807770203	0.00137774753429433
-0.00435194615625475	0.000329163229875865	0.00486827710737646
-0.00250821774151441	0.00138194049867204	0.00342788342394504
-0.00563081753279246	0.00354082855111285	0.00369592447033036
-0.00564372914218494	0.00249471505327803	0.00428985375025821
-0.0184414185486921	0.00254130282239808	0.0173322684259148
0.00825272289517625	-0.00862812544339270	0.00233385183711028
0.00253320519538091	-0.000394157847474141	-0.000751445137568772
-0.00125265921594247	-0.000881573300103257	0.00276339022324706
0.00177502507159662	0.00465062192690686	-0.00513416286571848
0.00238612833722259	0.00410934194437511	-0.00468251340799017
0.00362530633355612	-0.00179738950856581	-0.000972330810341468
0.00518488881231356	0.00327546740970216	-0.00725845242222094
0.00991654583771241	-0.00739850994642199	-0.000955769216784108
0.00291212109040260	-0.000842069784134502	-0.00119788186353176
0.00192168249545976	-0.000605895510154299	0.000380635303114824
0.00670149250267551	-0.00499510052256335	8.14190949840921e-05
-0.00236855321068961	0.00670222662757647	-0.00362103615672208
0.00585464238293344	-0.00455061427913862	0.00100458833044738
-0.00191080434426770	-0.00288950023824157	0.00623192827743267
-0.00347415878503184	0.00231155238173834	0.00238326212536695
-0.00498250209258261	0.00619942108880308	0.000338429129983672
0.000328512373703113	0.00516680681455020	-0.00403942791010728
-0.00367324681581946	-0.000625092223175890	0.00489656609815649
-0.00101081680545784	0.00200195864304485	-0.000277289419867275
0.00182772315880637	0.00319426268405594	-0.00323059635721589
-0.000306000101773966	0.00262318869054087	-0.000877867703765800
-0.000528616512966371	0.00283840553604497	-0.000691159939446136
-0.00330026724738620	-0.00244249028920209	0.00712954019717319
-0.00151876492112657	0.00482516068317225	-0.00175133581521196
-0.000216291227434324	0.000976701878335438	-0.000160692814781674
4.85219441166713e-05	0.00641944928166253	-0.00519440690396101
0.00397188612881490	-0.00352153024797718	0.00133085568164425
-0.00754099089201407	0.00288381451315486	0.00643280379052830
0.000135983153333416	-0.00205212945467324	0.00307621857874998
0.00255994330636538	-0.00596754179841670	0.00504692267224921
-0.00550241502345015	-0.000785046631604869	0.00753649837905220
-0.00725905914712104	0.00499240949116220	0.00347997594635619
0.00192224327752359	-0.00181813076167187	0.00182551078442744
0.00329691192148537	-0.00260333846954905	8.37461640114791e-05
0.00722040997830522	0.00187017552090614	-0.00829223983264198
0.00101220001411023	-0.00523497849525763	0.00551239108312012
0.00383774436590880	-0.00382853929564545	0.00213725291046960
-0.00446840260874867	0.00325165920106493	0.00337380059240606
0.00310888418623446	-0.00202948583101020	0.000715818445849983
-4.73489459949118e-05	1.10351506470488e-06	0.00219322940854836
0.00372591310963130	-0.00244648556542888	-0.000818534688702992
-0.000717463715672363	-0.00279390571384592	0.00453078630574663
-0.00353576929440794	0.00428605140627338	0.000916381326098029
0.00916673879803847	-0.00304927618232894	-0.00408312418706692
-0.00283775269181634	0.00227127455203306	0.00251342024809889
-0.0122273638703531	-0.000176984391643667	0.0137972363106489
0.00233199471126693	0.00355601944896319	-0.00506309474204778
-0.00509724488294524	0.00206663732533020	0.00478623885748249
0.00344301632573327	-0.00663028358600805	0.00593338585656657
-0.0129080277948136	0.00399740102561850	0.0100877425154651
-0.00350340170443559	0.000792812863986278	0.00431739809709728
0.00149999091036978	-0.00325528035124789	0.00363336759525013
0.00283060366477417	-0.00631024709976916	0.00526407705243903
0.00488321766223086	0.00208973242706786	-0.00564613812002133
9.08738633956057e-05	-0.00462939225629935	0.00651306156446972
-0.000898411130074492	-0.00106919235924272	0.00296327431060684
-0.00254715478517849	-0.00368875739209750	0.00759581258107609
0.000831751257344939	0.00441293565042911	-0.00424369031866200
-0.00262704821379711	0.00304782903984751	0.000322396104162780
-0.00302763803705676	0.00186555024705457	0.00297545083491293
-0.00580882294042278	-0.00160203522363140	0.00811843864532389
-0.00359053806730576	0.00229985624962344	0.00240205319889261
0.000481701989857613	0.00115972001714062	-3.68756883841698e-05
-0.0109521451633662	0.000985171235833058	0.0115872635053220
0.00111109449738064	0.000795875788469346	-0.000161847279240930
0.0101001305659583	0.00424891836810887	-0.0127351914362412
-0.00543353693689489	0.00188929727569288	0.00388331958044664
0.00302613708757031	-0.000272408633624498	-0.00104098653761783
-0.00307687969433532	-0.00239734290138412	0.00630886150278809
0.00755297945538699	-0.00149246241538379	-0.00495599064452481
0.00425707951998108	0.00182933259778938	-0.00589370856021422
0.00923266218592407	0.00304601389155540	-0.0105077833715898
0.00104178798556441	0.00627070121819859	-0.00674563007201849
0.0102532805691074	-0.00646502575033887	-0.00194457237778981
0.00758350232699105	0.000263997875024432	-0.00607924302800140
-0.00675413169164292	0.00128985583117248	0.00710267349366943
-0.00305757645106164	-0.00513563813734820	0.00994651609315755
0.00368328648879532	-0.000920877096901015	-0.000952301911901981
-0.00328623460647227	-0.00165711448774682	0.00508701512510409
0.00133420705267646	0.000244723388968251	0.000312262843657034
-0.000826038029085841	-0.00212355240991484	0.00459611648683441
-0.00184410303916898	0.00296603354791135	0.000911345116260160
-0.00492036491534300	-0.00296939354698872	0.00951532090608117
0.0116835029882762	0.00352299712047412	-0.0131880695747088
2.64497251971328e-05	0.000601077221626696	-0.000321270433203478
-0.00517622364258052	0.00135462662792550	0.00540805760562745
-0.00638594495320544	0.00239437672211999	0.00529404999099107
-0.00174598362903654	-0.00775343553371074	0.0115777094767975
0.00306081194053796	0.000555592839062822	-0.00147417976703428
0.00331325356167993	0.00124768813356339	-0.00272863090762734
0.00530834492606635	-0.000711877437691445	-0.00384393411345443
-0.00262814383944132	0.00274180550926120	0.00127426038614807
-0.00461320943807941	0.00352258343251825	0.00231009708584205
0.00841351693864674	-0.00265788447284833	-0.00432403356955810
0.00187761134323076	-0.00160056848138918	0.00105897054933343
0.00275508991277335	0.00235950471078342	-0.00484747284774116
-0.00347390903948206	0.00340204723645151	0.00220903509769740
-0.00286812316654800	0.00293848429426633	0.00100139792989974
-0.00282990494779869	-0.00513304678724836	0.00932924642401396
0.00648450288855908	0.00114860194340857	-0.00624573610166244
-0.00477254395475802	0.000485100722048808	0.00477733965850662
-0.00443872466911293	-0.00222062608197784	0.00768834649248018
0.000791693898528573	0.00128038152972660	-0.000562473759138330
-0.00532151454667709	0.000676704290885324	0.00539763225780847
-0.000307206149606152	0.00666084405589485	-0.00510551526763564
-0.00743289440431860	0.000283040646085948	0.00839493443861984
0.00129445731292585	-0.00421095977637934	0.00372412806469758
0.00634826450961836	-0.00245804781715864	-0.00297504087312084
0.00532648422627332	-0.00499658685048105	0.00136142805718637
0.000286270390232147	0.00443679497563099	-0.00266686679092627
0.00642864378719388	0.00130710036164046	-0.00573593103471764
0.00601097619292937	-0.00140260867376176	-0.00303439274135388
0.00144276558818805	0.00154200191012384	-0.00145483558188879
0.00824560225602705	0.00160072810407536	-0.00931009860150693
-0.00275062584482108	0.000211200691976812	0.00328202030602498
-0.00850429150872024	-0.00128245998295421	0.0118155235847286
-0.00346485867659684	0.000341118809228910	0.00438211779758537
0.00487498318918395	0.00330802143610558	-0.00750759596078231
0.00325537430904450	-0.00574907780372137	0.00365443952942485
-0.0129970063910349	0.00284447484975262	0.0116928859941325
0.00431921766686261	-0.00137211530335037	-0.00105915911330086
-0.0127141944229992	0.00270515447339385	0.0107298964548701
-0.0101999296167464	0.000806814948271473	0.0103134365530551
-0.00174234693913149	0.00183090179217249	0.00163069404422456
-0.0157420791099197	0.00989189740846385	0.00644026184289371
0.00132984698272748	0.00275211198094048	-0.00212573912468549
-0.00252942346687426	-0.00196889636199632	0.00648559395665450
-0.00548842025544802	0.00242450571572290	0.00481478333697413
0.00358368811759738	0.00219314858953410	-0.00400101325856316
0.00152631778187594	0.00124301380361745	-0.00214000606066899
-0.00181673093676260	-0.00528459523831677	0.00866590958363604
-0.00421934185411339	-0.000275280585610561	0.00670806543276691
0.00262162600728959	0.00174882944682739	-0.00233245488100745
-0.00102391077991219	0.000294227002209141	0.00156231891066593
-0.00431234053822686	0.00182064732235043	0.00355445632036465
-0.00563960819175789	0.000867536917064617	0.00606428958702181
0.00337872317051891	0.00209017486945630	-0.00327943977700701
0.00273683744926234	5.71593622928658e-05	-0.000505408581548554
0.00327187406907631	-0.00183690003421092	0.000187587211005190
0.00128856931878296	-0.00217826060842271	0.00249023454310646
0.00273310170374187	-0.00248046327194890	0.000797689722358855
0.00443438114879929	-0.00206115108264775	-0.000772281962633129
0.00731859173796235	-0.00421609321143736	-0.00220031338324112
-0.000891485118079130	-0.00101651837577140	0.00316962809777498
0.00328065061642804	-0.00339785800686799	0.00172628809937785
-0.00744183757533879	-0.00452114533196962	0.0142988396121947
0.00169127826629838	-0.00254693466718730	0.00203560941636625
-0.00493114007819982	-0.00182784931844040	0.00750314106109280
0.00118941306889480	-0.00313834558163304	0.00334907725056202
-0.00170419526587206	0.00214442739551966	0.00108116771292937
-0.00752141895868951	-0.00166540156479603	0.0109860483213952
-0.000124429523473768	-0.000940890282764760	0.00229153598280890
0.00665604394844254	0.00315609032997174	-0.00882373551626763
0.00769290706645650	0.00445643441557566	-0.0114961423898669
-0.000335192943209607	1.75915376925157e-05	0.00186190674699559
0.00302651071482273	0.00188904621938457	-0.00393572075040791
0.000305828661840474	0.00238684704184143	-0.00170234993967189
0.00379568671104142	0.00333779686634169	-0.00515305703441994
-0.00444609424031551	0.00108795064099848	0.00434174415307608
0.00345382571635961	0.00250129822790719	-0.00434127574450934
0.000368671858204782	-0.00386344111159087	0.00527784331866854
-0.000239449409395821	-0.000641388374962691	0.00112718608314799
0.00801467762678120	-0.00268701583490520	-0.00384617766315630
0.000955115398482309	0.000963994964553171	-0.000470282206767069
-0.0109870493748075	0.00368502716270088	0.00833174215726763
0.00825639117243982	-0.00443828085681527	-0.00296208125047227
-0.00300623279230799	-0.00312539993261941	0.00754998327930689
0.00188668915465153	0.000252426403828050	-0.000376411501394919
0.00369399917325761	-0.000856607403446142	-0.000758173315938163
0.000984050850974581	-0.00315022284387317	0.00322426001363669
0.00527164724458949	-0.00135053051270856	-0.00196657619364607
0.00800741038346547	7.14780874119985e-05	-0.00623558226778230
-0.00195349328783305	0.00306683356278820	0.000753067993489302
0.00948998302363019	-0.00424641840745623	-0.00367366400235004
-0.000142140244192258	-0.00210788128559363	0.00414649315917658
0.00661787259523327	-0.00412136487153425	-0.00128829393658324
0.00289742310604148	-0.000572724585015191	-0.00130122537540948
9.26876882945339e-05	0.00341725759121317	-0.00207776088263339
-0.00225854748670778	0.000744136786035142	0.00243629683380398
0.000251520539270262	0.00135241775997213	0.000536849237571827
0.00561252414705765	-0.00150445215583769	-0.00183359367961284
-0.00392842355141497	0.000411173173208007	0.00511858032406206
0.000332752948482041	0.000417163804884835	0.00117497945393458
-0.00291018431238549	-0.00200549441576050	0.00617674638295764
-0.00175456765527413	0.00135891283745323	0.00149930607143157
-0.00528687320245785	0.00272281437583911	0.00431101384531136
0.00869940728912626	0.000470452105103197	-0.00832410993468957
0.00652189742137755	-0.000383937125857068	-0.00445119976331985
0.00544694443305782	-0.00185135262953147	-0.00348045269728228
0.00467134614748076	0.000297096483524305	-0.00254186660410920
0.00767348886158417	-0.00431701548592568	-0.00211592980571094
-0.00303633949667593	-0.00123113222179486	0.00632791769064342
-0.00886752193432740	-0.00214699529043529	0.0127030502141083
0.00415693951866511	-0.00320195219226628	0.000519349775553772
-0.00141113996728803	0.00460574822223494	-0.00170078604357370
-0.000214412699189837	-0.00301109265809133	0.00463778152843617
0.00422307401939681	0.000362795883799412	-0.00235614755737948
0.00464232658176548	0.000853323229871488	-0.00403621520933982
0.00201018439593239	0.00145171934948897	-0.00212698877657182
-0.00287555675450254	0.00445250113968717	-3.39685983876833e-05
0.00361003649700570	-0.00295149705072392	0.000259732900663913
-0.00569025418748465	0.00139150232657041	0.00460459076969806
-0.0135755117987596	-0.000781745390545078	0.0152841802893744
0.00124563185752070	0.000465660572499113	-0.000698483949705840
-0.00123182502864055	0.00521996643160878	-0.00315430770502288
0.00529209664868091	-0.00433335393145670	0.000677116083978968
0.00504869780280856	-0.00285737520851902	-0.000703431876633940
-0.00414980990182134	0.000126300234478241	0.00533685397048401
-0.00642063644730240	-0.00153294888324603	0.00836302032254362
0.000743084542215757	0.00306126799444276	-0.00235301246036445
0.00919850773002618	-0.000505217626682736	-0.00800900661779784
-0.00743531973101681	-0.00105323494497935	0.0101683512113778
0.00498687792792813	-0.00214346928052097	-0.00187782940867419
0.000282070984379837	-0.00454787446949845	0.00626050976858409
-0.00450028572317988	-0.00114201362207945	0.00631008587579523
0.00893309620052565	0.00105523889666218	-0.00821330737100319
0.00473272878421219	-0.00378186044760787	0.000513975750590713
0.00201643985982771	0.00635880782623163	-0.00708607860442045
-0.00303348858729379	-0.00267028331165850	0.00700021213261708
-0.00171811285773520	0.00388177033541159	-0.000535219342198926
0.00793470908034536	0.000978249851303473	-0.00756263693885208
-0.00562058161701044	-0.00348477477215930	0.00959827377132824
0.00365545293193859	0.000832596400987592	-0.00236347329397112
-0.00745365909075059	0.00961096008862625	-0.00139384621876629
-0.00929447835453421	-0.00250930726656903	0.0131956777535723
-0.00882572338014186	0.00526289835429341	0.00465214022060555
-0.00294530725213413	-0.00505782811752735	0.00949138231250271
-0.00325377079856222	-0.00598760543668751	0.0106657795757305
-0.00196242730797653	0.00205062932891011	0.000986894173971224
0.00395821205719362	5.80307496551432e-05	-0.00199611655322061
0.000918110236053473	0.00215293040427215	-0.00103145474356509
0.00592301283504920	-0.00442956560907406	-0.000192505093765159
-0.00583066476370267	-0.00318376954265303	0.0103561996129734
-0.00820414816463861	0.00136463514455781	0.00741381076577302
0.00387318479463613	0.00193090440947052	-0.00402593654666726
-0.00260823350317806	0.000602574222622831	0.00273259630922548
0.00257618479163718	-0.00270223932036518	0.00106768102144759
0.00269083852504328	-0.00154173080408508	0.000980625779089745
0.00121028145647048	0.000352977050535077	-0.000540061929509883
7.57127622998846e-05	-0.00364947057933635	0.00499216041219510
0.00116252203104695	-0.00106418893280629	0.00131266858884738
0.000263983701186099	-0.00195109256190551	0.00299754011437225
0.00759359962128979	0.000124013610921701	-0.00547346464221747
0.00449744535912540	-0.00166200698696272	-0.00190272004002476
-0.00223599007367247	0.00480294003009287	-0.00170396118959768
-0.0122524380443071	0.00109795834348204	0.0132506401186892
0.00502932545747326	-0.000725549571511997	-0.00249770723018346
-0.00276253335692355	0.000269820965611779	0.00369444387074460
0.0204192195220370	0.000989937518188044	-0.0198493773791437
0.00898531561016933	-0.000509739063942684	-0.00739645228278563
-0.00302625949938326	-6.46792442826816e-05	0.00421486055016743
0.00594835234656069	-0.00293436331245834	-0.00116902322291314
-0.00697712380600123	-0.00487970621757434	0.0129705176963999
-0.00197869816042162	0.00179146021204494	0.00144010199448196
0.00844107261829967	-0.000126407754944507	-0.00733867318702538
-0.00136135200230285	0.00134579279574906	0.00188007579592095
0.00395996979502018	-0.00360766850428405	0.000537493168179555
-0.00562788628984002	-0.00252821387873317	0.00959377563276314
0.00402009533040957	-0.00277781100079834	-0.000767006111891240
-0.00700913914824399	0.00436428961143036	0.00375937278191515
-0.00150077420256260	0.000161021515970458	0.00357030662556110
0.00684548723969258	0.000683316095061776	-0.00644298901587707
0.00139715378629304	0.00101637442834243	-0.000566120945957990
0.00496989843105801	0.00216668848019943	-0.00538788840550825
0.00176126906155795	0.00203528103436059	-0.00262640212557261
0.00630165776379838	-0.00222140424317796	-0.00344358457940624
-0.00147922295489951	0.00404258464389770	-0.00121764284766809
0.00806749143764877	0.000543054169909327	-0.00679000811290562
0.00549836081097686	-0.00104998251076135	-0.00196326873667844
0.00892328874179480	0.00160299986247504	-0.00941545717885315
-0.0124803634538516	0.00344365622547865	0.0105234773783513
0.0104487149231205	-0.00450593420879002	-0.00422902320923351
-0.000492071652381033	0.00239262264337062	4.35049413294282e-05
0.00333959079570527	0.00264872698380539	-0.00436963306543383
0.00892862282952488	-0.00342235342350484	-0.00393486198431119
-0.00396407838290981	4.74646174489710e-05	0.00483051848603266
-0.00686554722456735	9.38920524866643e-06	0.00787311315324515
0.00923150466354950	-0.00183687983851321	-0.00694171242394944
0.00463745968387569	0.00167955285610524	-0.00432835154641924
-0.00278905515206012	-0.00412137134018260	0.00728837643358500
0.00532029566083380	0.00167610474787869	-0.00599779971547793
-0.00936081097185975	0.00338318932307494	0.00802136182543374
0.00168031627367281	-0.00226001695680252	0.00176678699579115
0.000498214410218519	-0.00207806649239374	0.00247035749240981
0.00316064569068077	0.000123114113225854	-0.00249725825088312
0.00680041468305497	-0.000762862584162605	-0.00462339161811957
0.00537830007067399	-0.000666623451049486	-0.00324421446915169
-0.00308068022848924	0.000836777267010518	0.00283708850953769
0.00218473979792125	0.00197626982241399	-0.00358463106132855
0.00709813150960505	-0.000685879140194805	-0.00482464261964281
0.000854239571063076	-0.000407024919498313	0.000936735047458667
-0.00399869688159193	0.00110080731669728	0.00467801411621742
0.00175625856197418	-0.00248756927034842	0.00178993221002802
0.00397920701962694	-0.00184983601430024	-0.000889732748267399
-0.00720716922801310	0.000334673977535430	0.00808080148600680
0.00482617960207933	0.00225902871465633	-0.00600147033288073
-0.00925823470161982	0.00287360033399947	0.00765922639666293
-0.000305603451799572	0.00313397839528837	-0.00157001744390309
-0.00964865014606702	0.00103948388122252	0.00984939132903596
-0.00212496573169145	1.00800586865917e-05	0.00339459270524036
0.000660402288170685	-0.00132461567654308	0.00270495851524686
-0.00415719999615798	-0.00101621110528377	0.00677001664822342
0.00105103372462146	-0.00432354709864876	0.00473256182248148
-0.00123357182370800	0.00245777197738395	0.000538442214822554
0.00155718551646206	-0.00115514311888254	0.000906494108644776
-0.000600488227600239	0.00170330023229662	0.000214249061032262
-0.00110673914368750	-0.00171635397940747	0.00376393248856446
0.00257605891649490	0.00438939692172842	-0.00550964569136465
-0.000410525059757393	-0.00182634125176208	0.00380751239971235
0.00667796359955022	-0.00359536131587594	-0.00196527386975480
0.00735157926082320	0.000404274450061089	-0.00640133064706080
5.42069789411439e-05	0.000789784940514493	0.00140474704140245
-0.00686807607654924	0.00297974697966158	0.00533329745562794
0.000612327664655140	-0.000240040423079649	0.00132928947772430
0.00260052561534378	-2.76700631152418e-05	-0.000938292540814841
0.00220351613932993	0.00212477916166111	-0.00231942672589149
-0.000221018639402729	-0.00168539903842119	0.00314288370538211
-0.00549370032944949	-0.00128338426338083	0.00846666488063222
0.00744090302351551	0.00275570787556999	-0.00889499047756934
-0.00544903911126743	0.00391914044772188	0.00305619729081624
0.000819481097996078	0.000790965180351747	2.60022635685138e-05
-0.00650117039648229	0.00319104309434385	0.00468613622904689
0.00111011484830728	0.000985508294714660	-0.000975432735364340
0.00616361035809459	-0.00233403980452486	-0.00315944170682051
-0.000658830485763817	0.00195141684376270	0.000707469509545805
0.00296770578525787	-0.00450250793401501	0.00387173349882175
-0.00170370836132027	-0.00145242491233276	0.00442131363376754
0.00196884826203110	-0.00128281687224460	0.000467439025280689
-0.00408985492099117	-0.00322534019750851	0.00860616656450288
-0.00107129181808087	0.00410692132722260	-0.00215162195218724
-0.00324533963813348	-0.000457542350302211	0.00432300923823730
-0.00714896767118128	0.00362561867080825	0.00566741385337232
-0.00233466950228594	0.000880567257027767	0.00308284940389058
-0.00657076512446760	0.00463659856189049	0.00287205532554400
0.00128884847940351	0.00291885094199660	-0.00277021120762392
0.00400510509370627	0.00196032191899757	-0.00434623364421114
0.00146434638038386	-0.00236805106899587	0.00213816104631600
0.00754895595367877	-7.07024249515967e-05	-0.00594324351732523
-0.00192386559766837	-0.00180096259967507	0.00419541662437709
-0.00277374195686419	-0.00210459881848346	0.00528187209696600
-0.00177653281177664	-0.00308452558385568	0.00649216448901296
0.00432114765633140	0.00290801958262275	-0.00560198239372732
1.03815775363181e-05	-0.00543833235776882	0.00679426464084728
0.00640470846122402	0.000119375955657021	-0.00506677759996962
-0.00242467094497296	0.00142427466792837	0.00187208815901184
0.00439947611511449	-0.00178100842905163	-0.00262903077829122
-0.00331153024324301	-0.00207306264314979	0.00607382492403218
1.84499335168713e-05	0.000674673474600295	0.000736717840722728
-0.00356061986425493	-0.00289766481773969	0.00750896318273520
0.00274161701865050	-0.00398609165409865	0.00298217116454647
-0.00456891376585365	0.00362444601595366	0.00239490879355113
-1.12785770490186e-06	0.000456338480671202	0.00127133142319016
-0.00806539031817262	-0.00279937515839715	0.0125365776217616
-0.00251320326905216	-0.000239455859482273	0.00338151481083101
0.00851387143985682	0.00157026633342608	-0.00933002646832374
0.00414650165298872	-0.00451817008938867	0.00106406708610169
0.000179428337038576	-0.00538846851469268	0.00701162808972788
-0.00130131790444006	0.00130130924942933	0.00222679598208396
0.00948595686112549	-0.00482749449370717	-0.00354646656183980
-0.00295774200399316	-0.00237814835502791	0.00705603761252088
0.00658204891489508	0.000358694935252604	-0.00548805272094867
-0.00214689865868025	-0.00364575265069765	0.00654202649830305
0.000380401947300399	-0.000920531628316843	0.00235202265122362
0.00105868689509024	0.00315008230260389	-0.00279215187193208
0.00280860852268961	-0.00666438715356534	0.00463454677985945
0.00414140569611233	0.00452273116162690	-0.00798580426509126
-1.70953066709187e-05	0.00446229564002397	-0.00350893884006966
-0.000766524219848406	-0.000179693091598925	0.00279171219718846
-0.000859931156173524	0.00189792312995024	-8.46154359980663e-05
0.00321894564557224	-0.00606297387096868	0.00456004241683728
0.00287990140084513	0.000449243726482451	-0.00220699344293798
0.00746283493717653	0.00408518563142662	-0.00999623154502015
0.00101191988880327	-0.000544573640627571	0.00121566913730551
0.00683368321189044	0.000299978845200702	-0.00512773818998643
-0.000749600017267165	0.00201857465337350	-0.00111301203146991
-0.00243712571494313	0.000129974588656171	0.00376566452023194
0.00856509125497468	0.00119992443833471	-0.00843769582315576
-0.00300537977437673	0.00498674941330951	0.000452811793167261
0.00705489509692631	-0.00178221523890486	-0.00349490852527711
0.000848158320339791	0.00398458577075760	-0.00347592299135548
0.0101289778161092	-0.00352658954452681	-0.00503743856852077
-0.00409866414277786	0.00477669728800291	0.000786536586702414
0.00425635447430357	-0.00383265571014599	0.00121674670713250
0.000737007055889898	0.00195242005779710	-0.000779169302505065
0.00303198209044936	0.000122897070186590	-0.00176446715168198
-0.00569485639947208	0.00221783882082421	0.00403981461163712
0.00548835157301017	-7.14751087956662e-06	-0.00455948795833418
0.00424143807964481	-0.00198573714776660	-0.00163084500456136
0.00304232467912896	0.00481108891015552	-0.00611948044827476
-0.0111287143251786	0.00219875657979034	0.0103321492211553
-0.00682390343392047	0.00275963113358126	0.00566529651781386
0.00742988268944627	-0.00226440709751295	-0.00348688859765134
-0.00240187029375437	-0.000648109104395030	0.00348174976595463
0.00158291216648607	-0.00157693841226939	0.000995007092016405
0.00295506905326219	0.000652230867096014	-0.00207337282125436
0.00224480112035468	0.00263527807675789	-0.00308528436965085
0.0127858773104729	0.000713653674880156	-0.0118233219901529
0.0105851182983577	-0.00523496297660101	-0.00389364045462971
-0.00250180710032641	-0.00497139851487630	0.00905676833802253
-0.00267088498059536	-0.000708878096132839	0.00516639024529587
0.00368196713313278	0.00162291519228423	-0.00301897428792557
0.00455845421214641	-0.00142474842674547	-0.00251356383285982
0.00176782282999137	0.00399065962809024	-0.00513577700234124
-0.00428908490816213	0.00240219887682934	0.00303552022821466
-0.000910518380809608	0.00295355107135034	-0.000551282944731040
0.00174803234060903	-0.00316737701759449	0.00184602396946010
0.00187238357861595	-0.00370888539460648	0.00313150729031148
0.00386031794130607	0.000296155950188210	-0.00337648465548733
-0.00486264504816508	-0.00217449145294647	0.00815845064864008
0.000797519614073505	-0.00363421018191081	0.00439659665858824
0.00562122432509447	-0.00115812453849152	-0.00380224780236178
-0.00608302740294164	0.00583931143516635	0.00170205765437210
0.000705086841189867	0.00117783999646035	-0.00158702537697433
0.0104520265546286	-0.000912021655064818	-0.00830035510860979
0.00263984313864112	0.00541398847344028	-0.00672733777982411
0.000374007966137847	0.00100193443240414	7.44469662198632e-05
-0.00326943951072420	0.00487717428713175	-0.000292208745587769
-0.00164020724682971	0.00298358661420616	0.000301425727841928
0.00599817084331632	0.00263616362559321	-0.00705925069358034
0.00396944290839806	-0.000141742610569317	-0.00176444387197319
0.00417949825521671	0.00245375057104896	-0.00455026202829129
-0.00915333179522243	0.00270127138771836	0.00737008673427127
0.00126793571247116	-0.00110612374628420	0.00165791335590202
-0.00165574635944114	0.00273492154104105	0.000151254964707913
0.00115492428357882	0.00217893110923739	-0.00156670597409153
-0.00292112599330524	-0.00127803677920892	0.00574129512913116
-0.00383647454391424	0.000667380943419520	0.00445147479791510
-0.00378665083348756	-0.00121874118161592	0.00533287215153866
0.00940771532853513	-0.00171107219325125	-0.00510422496825880
0.00758545170671987	0.000131243529086181	-0.00655933313582745
0.00184973539930092	-0.000742768208040381	0.000385868397497739
0.00359944490350428	-0.00211789053563004	7.49013224941046e-05
0.00187233952896140	-0.00304124456879149	0.00304741384483330
-0.00333589896760149	-0.00113458911511713	0.00542673970088423
0.000772501774659708	-0.00273483248260918	0.00317694812678249
-0.00719823443652398	0.000131712574264762	0.00943811708790841
0.00101565679206175	-0.00381370078261835	0.00416033323440182
0.00682168238666998	0.00317958549301845	-0.00876425124281641
-0.00362700937141277	-0.00264049973747433	0.00741264615687285
0.00325022101747675	-0.00294334896774828	0.00171256193250965
-0.00297473084130849	0.00279761772561898	0.00123307235840644
-0.00713301998589888	0.00310861522597984	0.00504322033322899
-0.00389695678435079	0.000661161286448398	0.00485787975686282
-0.00541560152195472	0.00469612301046737	0.00196979399936680
-0.00691081783361973	-0.00283259882109369	0.0109134918164529
0.00141951543676540	-0.000199550541151784	5.22361886461849e-05
-0.0108436895781056	0.00391412749083812	0.00879052115904246
0.00308065861860773	-0.00225823031895570	0.00104135600530259
-0.00636730130996557	0.00417024798160745	0.00354848378819482
-0.00173397489248007	0.00336287869434707	6.04198714291861e-05
-0.00259329740884081	0.00139129937041959	0.00300495965261887
0.000282822754767542	-0.000176175449736530	0.000812259877811504
-0.00187091930276792	0.00154787377149325	0.00130165009356749
0.00426268177057351	0.00179619157793236	-0.00563526750096612
0.00640923833238968	0.00113961716124159	-0.00480193538468007
-0.00180227532814853	0.00112200711894114	0.00208478715445791
0.00934790823191664	-0.00213271153409584	-0.00554602803943374
-0.000958129481311014	-0.000115279298749761	0.00153588413893690
0.00297635993653371	0.00207538627438183	-0.00332788076164380
0.00878209580897056	-0.00172677950674869	-0.00532387617145229
-0.00520654718495399	0.00281532268985921	0.00452913333692915
0.00218137905890980	-0.000288000462780011	-6.10214274453318e-05
0.00235151307642623	-0.00142547502091680	0.000799628608717644
-0.00135619923446732	-0.00473689976787764	0.00716794429032101
0.00307961229106665	0.000716345778982971	-0.00181243214412042
-0.000312469132662213	-0.000382988475482608	0.00234490522191036
-0.00311527320195248	0.00105219369254605	0.00328961437671657
-0.00321531088659683	0.000184111847213044	0.00390537586701720
0.00140210611181594	0.000755496183093612	-0.00102489501526257
-0.00112151292939695	0.00515650145292469	-0.00320902492442331
-0.00228906327688413	-0.00110504534993921	0.00495929834852167
0.00778815356563553	-0.00498837507944950	-0.00138391859219237
0.00582433874817337	0.00194946388334696	-0.00637859021831366
-0.00481022335924879	-0.00114713695398005	0.00724924723228254
-0.00313963909695966	3.80270522581190e-05	0.00380493987154462
0.0102143686272545	-0.000137635665049269	-0.00931802499383835
-0.00505080381882066	-0.00121468853140798	0.00811397258704535
0.0102373531089293	0.00170718316967682	-0.00968254731253549
0.00113556711596921	-0.00138142168103741	0.00219977947614893
0.00151875808584482	-0.00163473684228655	0.00191409174227585
0.00544827996220065	-0.00453618297948009	0.000327649127255859
-0.00506045400828212	-0.000526126046072239	0.00710038610104426
-0.00626926295229505	-0.00525942339197137	0.0127598234897444
-0.000718858593528428	-0.00222993346419131	0.00326293748100328
-0.00411453552771043	0.000510022541862865	0.00390376004189160
0.0130445019104042	0.00152561570556655	-0.0127706042006253
0.00566326291876254	-0.00557417810754063	0.00159723727291574
0.00371485125803579	-0.00240401412816586	-0.000548864370358284
0.00697334556433788	0.00171101381951722	-0.00760029394041446
-0.00464407814632738	0.00501481525116682	0.00114903174264874
0.0116727017259937	-0.00275501701829236	-0.00732212248733391
0.00585948553528500	0.000416067934103136	-0.00510371160012987
-6.18058559173251e-05	0.000153206476729901	0.00106350380771993
-0.00118467136834557	-0.00203721341874829	0.00474992617477494
-0.00940653762639195	0.00456434412845493	0.00550796296354798
0.00231484167588709	0.00201341839333912	-0.00247408500323884
-0.0124817819156914	0.00425718858942376	0.00938287585363134
0.00300577205290375	-0.000111397496294576	-0.00174300436653297
0.00205413341039836	-0.00331969378443702	0.00278015326201587
0.00642652027741176	-0.000604861317790069	-0.00455545213498912
0.00557777272767189	0.000828001001390706	-0.00385469296942577
0.00708690808750022	0.00436430549283664	-0.00949878615368352
0.000243352789492689	-0.00409081349879653	0.00519924605497407
-9.66338902565992e-05	-0.00164346628402714	0.00299849273706080
0.00500708657947666	0.00153670726074599	-0.00510940002892099
-0.00539265619049577	-0.000186663319851409	0.00728921907479859
0.00336185114703434	-0.00365445303733575	0.00229815289188378
-0.00414389433214456	0.00182858765809594	0.00268746364582795
-0.00562564274596547	0.00708376068734792	-0.000131817885428705
-0.00161527974032241	-0.00183172379532556	0.00436724004661865
0.00630709700058823	0.00401661199740132	-0.00908964258861923
-8.63480658673641e-05	0.00301838378366718	-0.00186142556783076
-0.00144992405370524	-0.00422445433280363	0.00669197777281527
-0.00686001551114374	0.000363936697997573	0.00844798592819614
0.00571412464491724	0.00161574990471667	-0.00588097900242514
0.000809401079474298	-0.00326763847956161	0.00413157795309700
-0.00447612802472596	0.00166630045790287	0.00392479342848496
-0.00272244881689873	0.00143608143899735	0.00239524178053217
0.0137762502313896	0.00399889397628322	-0.0164857180987892
-0.000828044017279217	-0.00236566468304872	0.00506882735825532
0.000968870607157849	0.00288560052545552	-0.00211899597804888
-0.00742806473111863	-0.00472780324039526	0.0134517202723666
0.00351437097431773	-0.00122570582835792	-0.000620851404249049
0.00348209892866413	-0.000396679114913613	-0.00235565236130625
-0.00837500498483565	-0.00297995380318474	0.0117960496088616
0.00597540032098965	-0.00122388593080711	-0.00215575248096755
-0.00637957273683818	-0.000636796489465170	0.00802589926180222
-0.00141288500850798	0.00553981732977028	-0.00282274892213056
-0.00684336078744145	0.000252142879912493	0.00847708802455078
-0.00531341698714005	0.000557059892035960	0.00652707280069489
0.00664857060977580	-0.00319791955781656	-0.00243392429975111
-0.00255460968400098	0.00458859842038145	-0.000565571214801331
0.00252919046879261	-0.00258811543247370	0.00196003210536947
-0.00188513469239017	-0.000738451938428089	0.00301727586864213
-0.00136543128207439	-0.00543507143166256	0.00881428024674957
0.0109105431550295	0.00332959192343210	-0.0122897028398464
0.00368615148949598	0.00207773794925078	-0.00445978132275428
-0.00290427674821271	-0.00475009726431328	0.00940406947121335
-0.00309072420248385	0.00173477598382994	0.00214660745272247
0.00720497755048512	-0.000941717127245082	-0.00450517357098124
-0.00136136670421909	0.00388955380503790	-0.00192353019489792
-0.00509033737323847	-0.00419412355064084	0.0107161383179902
0.00327865830986505	-0.00402736481909070	0.00174385465102299
-0.00441507492176902	0.000145608108918733	0.00519421883708082
-0.000693933071212042	0.000431702745474545	0.00106817177654801
0.00454003490504209	0.00392692124316933	-0.00697791216599008
0.00138947954178803	0.000567710066535250	-0.00138155424615416
0.00170212064148705	0.000173339083036242	-0.000437633351511696
0.00343909230806975	-0.000152455812088837	-0.00190090004094218
0.00833292899293530	-0.00613299432617296	-0.000976963926926552
-0.00388756413977837	-0.00233319074342251	0.00650207628794821
-0.00500783347095680	-0.000955213346859559	0.00616312647588481
-0.00508077006937409	-0.000544798776103434	0.00628052065012909
-0.000271274522192001	0.00438636709270112	-0.00224505627291450
-0.0128235652853482	-0.00166390193945638	0.0161036788294386
-0.00175963495628138	-0.00362747482725013	0.00732574683774705
-0.00177883062149690	0.00133050515554808	0.00259550412716905
-0.00803423027952014	-0.00286307907324438	0.0122780955978658
-0.00301331034625924	-0.00339148363033711	0.00711643333104688
-0.000144528286709679	0.00209895208664614	-0.00138805515659121
-0.00243784646742504	-0.00100780135378716	0.00411044217900642
0.00454266799603313	-0.000180045094925249	-0.00320018160366369
-0.00537928736944694	0.00290925440572535	0.00383226785430370
0.0108013569434284	0.000204274415756133	-0.00925289881901483
-0.00253254575757896	-0.00310328161491542	0.00607628267712869
0.00521305994603064	-0.000653281943266463	-0.00333292290914290
0.00155120208080110	-0.00263327085306627	0.00262598936809260
-0.00277154944462111	-0.00344307763593366	0.00753394754872458
-0.00375238468854637	0.00129371253817417	0.00290906858640282
0.00697559023392634	-0.000961015676859459	-0.00423061858018890
-0.0105460504001707	0.00339985523790893	0.00862116818869598
-0.00412077877714839	0.000681858000762918	0.00472663474340621
-0.00887591317750413	-0.000812503210614416	0.0109898071870131
-0.00493427143753213	-0.00137952507707467	0.00764962006351124
-0.000868484469957465	0.000712933053160312	0.00144089783972111
-0.00148831020944219	0.00414459749891655	-0.00116542440462875
-0.00211814439509662	0.00221882515507857	0.000445623680486608
0.00115772757348570	-0.00384196246745541	0.00481433042601469
-0.00389473027046120	0.00193565270359300	0.00415181788531900
0.000954283600414794	0.00338432932200964	-0.00298078885396728
0.00404964772156083	-0.00444847461905046	0.00186404139987795
0.00511745109087752	0.00239219178941979	-0.00625298948021102
0.00237496841094182	-0.00324254498560004	0.00188501959485230
-0.0155963081393699	0.00494982614754062	0.0123595105837308
0.00168799382675974	-0.00432438435022930	0.00361795174511210
0.00517102299080633	0.00431183285747949	-0.00740920281798497
-0.00764916213483826	0.00158287817033741	0.00741702028503086
-0.00817805241533635	-0.00149413622354159	0.0111002612655890
-0.00569854348567033	0.00534765901037342	0.00152385791339404
-0.00300042415550130	-0.00167178445321957	0.00640302991612019
0.00993256864628977	-0.00247864915383617	-0.00544917127747047
-0.00332231932799403	-0.00171354362580611	0.00683305759921736
0.00381776773150316	0.00444726421522589	-0.00662955822637646
-0.00336551400883718	-0.000141324696579425	0.00471394220422201
0.00379184567220377	0.00153303572607797	-0.00430094986698299
-0.000124898711277946	-0.00208155724716777	0.00344529368312078
-0.00403243868655882	-0.000917312212342501	0.00645495504553638
0.00475025550737442	0.00339982118737652	-0.00665283054561166
0.00312417570561491	-0.00100366798833648	-0.00146825496394115
0.00604224232202900	0.000588648614381512	-0.00595630198345796
0.000640226515669509	0.00181442554088300	4.32824965016167e-05
-0.00935196286393045	0.00623855837492260	0.00433639816467686
0.00272515978818582	1.01059777035926e-05	-0.000447295432358898
-0.00211421394772568	-0.00171266690406443	0.00587798409909080
0.00307595542904881	-0.00429107075094802	0.00266663619819282
-0.00449173274449273	0.000857909731914296	0.00466230593191259
-0.00132020969375506	-0.000388930698028726	0.00340424993939416
0.00670295173904351	0.000691639935374744	-0.00587685053133436
0.00120355588807694	-0.00305439498310043	0.00311186251417623
-0.00571043871388633	0.000630234120043911	0.00543456389951956
0.00571515531198035	-0.00228496314543920	-0.00192284482847921
0.000323040538240410	-0.00240897524944892	0.00359056760619431
0.00292020711436600	0.00270791910946109	-0.00470484109473383
0.0153629486725385	-0.00115820130184318	-0.0126999670450018
0.00251097608519945	0.00289160948974862	-0.00387039722400367
-0.000429103872958435	0.000600659633209907	0.00132568242027961
0.00212978450903543	-0.00225672282057810	0.00173540057668419
0.00838932557987833	-0.000904008915256577	-0.00599538262364493
-0.00251539677037878	-0.00353671635614615	0.00780743835678654
-0.00587935024727167	-0.00140357523966420	0.00860561057949717
0.00830663900544393	-0.00158328359759557	-0.00449600669342642
0.00281575861589932	0.000700698640231499	-0.00224415389375918
-0.00464776316001780	-0.00156987112354426	0.00766063490301882
0.00531318747415063	0.00145899038730945	-0.00521623434940405
-0.00344652442323501	-0.00295178324255364	0.00765106416459978
-2.07046556776104e-05	-0.00200550749802620	0.00339948710925935
0.00885078887966442	0.00199052249183106	-0.0101147006221700
0.00911519523235725	-0.00227608528782446	-0.00454618785385421
0.00586427502658220	-0.00335621311660891	-0.00146523086125601
0.000225859907028585	-0.00232111561927238	0.00326322456317686
0.00470871985532937	0.00176397266845263	-0.00490797525049402
0.00377852814076993	-0.00601942507348416	0.00394664175123746
0.00195327652128633	-0.00127244820893343	0.000210165116969682
-0.00376899466625364	0.00669308037461549	-0.00180641317556429
-0.00195466830472266	0.000509043490464085	0.00309517634299361
0.00441296131859909	0.000931694355049006	-0.00414369194852618
0.00153884375291225	-0.00191916134598937	0.00100053984413084
-0.00237507774540198	0.00282814923373023	-8.41073024120443e-05
-0.00214054750597430	0.00534735482002419	-0.00125279466476611
4.44994558773996e-05	-2.76113920683473e-05	0.00181847724013844
-0.00140681506404525	0.00369376056306800	-0.00139146905283139
0.00211049303354355	0.000515934378182187	-0.000636424231720015
-0.00138441887552972	0.000421520091072387	0.00227622739555849
0.00397284179132997	-0.00272025310710646	0.000565027272679996
0.00425603880263154	0.00111836030786939	-0.00375052179511806
0.00259231478111272	-0.00106350561986746	-0.000864303938056350
0.00796862320679520	-0.00279433465569635	-0.00413404340739003
-0.00245762381143945	0.00381410107377362	-0.000288111414148189
0.000589604529870037	0.00153133470672939	-0.000259582574470836
0.0117139250094125	-0.000479169433443523	-0.0101434966951183
-0.000335811149833534	0.00369014414970999	-0.00201458340844921
-0.00355823897122755	0.00474835534414709	0.000685268636215488
-0.0155812186211135	0.00904162752790248	0.00736951316720336
8.34596076799586e-07	0.00315039678867655	-0.00152152582774096
0.00151978988354104	-0.00277644861325068	0.00170821856447073
-0.00450734619421676	-0.00297276342264812	0.00850503990493559
-0.00264889623732937	-0.00274067021844988	0.00670947399119289
-0.00585855220869145	-0.00340214439364293	0.0107501299626264
-0.00981597185629080	0.00307888391235600	0.00764409685832813
0.00286687450664824	-0.00376562606554315	0.00249003895006232
0.00870595104839046	-0.00955877593594909	0.00248653097612562
0.00181785536578735	-0.000293490208814884	-0.000289325189017912
-0.00510779245679783	-0.00472985516751303	0.0111389380148901
0.00545865363691381	-0.000660801134456962	-0.00305163583280054
-0.00100652529846321	-0.00358964013852585	0.00571081157449830
0.000208666634309237	-0.00525494297192654	0.00648727020697172
-0.00869058310534721	0.00564798457624355	0.00477337746896849
-0.00219331229037720	-0.00334841430310402	0.00693433197977913
0.0109261312314913	0.000600164556551084	-0.0108595612455852
0.00141421822434634	-0.00115096550837182	0.000967401685351908
-0.00447408936814024	-0.00210564314335745	0.00736335208667348
0.00120905039000824	-0.000753003163225241	0.00129918355721661
0.00469509420104074	-0.00544155435860098	0.00152028750926053
0.00151551705678035	-0.00357120575923546	0.00331430339933108
-0.00232099896440009	-0.00147991633316710	0.00478650946484811
0.00827053620645497	-0.00502295625366536	-0.00145800560898477
-0.000891392358062676	0.00334980223598471	-0.00103140683636580
0.00653908638460805	0.00131250662887938	-0.00673441468561422
-0.00415165317772678	0.00244811152836635	0.00249615368823896
0.00841538391603401	-0.00241687939295791	-0.00459325382602204
0.00892187310901688	-0.000839170847001764	-0.00636410636987437
0.00216266663874797	0.000667062745965172	-6.68883168672552e-05
0.00162379346258207	-0.00432944663921281	0.00378002922828786
0.00148393984324075	0.00348969830790002	-0.00334580128392128
0.0102523360525173	-0.00519975813399309	-0.00451656384582952
-0.0127778924066058	-0.000668865915889507	0.0147556988964340
-0.00108902778307436	0.000149132461326569	0.00237055543934805
0.00158992434412849	0.00384175263107550	-0.00403112697189461
0.00362592989973998	-0.000992125354008931	-0.00201226976489701
0.00460523776774735	0.00335648846247961	-0.00699958523198220
0.00679543730561819	-0.00106575407806487	-0.00430173954459157
0.0141640611577590	-0.00371939088526710	-0.00924328452577783
0.00282780175485157	0.00257479137016845	-0.00439171479069725
-0.00272677939431714	-0.00114635723487221	0.00610072822678685
-0.00507025579794999	-0.00111402736679878	0.00720395476030806
0.00221313854510666	0.00209236879786761	-0.00303790402298749
-0.00586668556630804	0.000517409837276273	0.00652772810100769
-0.00383584945133413	0.00385490035920629	0.000961915963059360
-0.00347651127975675	0.00202137889321429	0.00317054091450963
-0.00381920238490676	-0.00283218186473890	0.00773039202627572
0.000567396968722340	-0.000584091047261501	0.00106830979872667
0.00874230945171462	-0.00505823296400789	-0.00213644258661345
-0.000664445390652634	0.00309845751744646	-0.000833242737638692
-0.00130951731763766	-0.00559680683501147	0.00813479975887161
-0.00164671749994189	0.00611893625941030	-0.00339675369091786
-0.00353005934466832	0.00371019296333869	0.00240236280258899
-0.00326682468845334	0.00128291878749107	0.00313745387099078
-0.00198060622039192	-0.000876897885977986	0.00497168862494352
-0.00329101178560024	-3.02431647703758e-05	0.00381404187815116
-0.00393437852629208	-0.000988343919008764	0.00660267448162376
-0.00140827409370464	-0.00234992593339182	0.00516606162886082
0.00164534660604661	5.60623519492752e-05	-0.00117390315553886
0.00171593175676794	-8.92826803174252e-05	-0.000322907392932564
-0.00535770769494679	-0.00215207275877868	0.00850309202891638
-0.000580913747472363	-0.00263928385095631	0.00475488094041757
0.00152478946232943	0.00147527094752266	-0.000964831609312137
0.000203787649722429	-0.000349553403220551	0.00120030506923425
0.00126375418473525	-0.00760846460398055	0.00812913594378608
0.00946448519633966	-0.00799244387891478	0.000102534134762469
0.000296905486949132	0.000998088959105133	-8.42881885844060e-05
-0.00461908017446222	0.00297227617266535	0.00343501976468465
-0.00534465140672644	0.00215303940750415	0.00451827289715317
-0.00515956257798646	-0.00454090485062679	0.0109028913243299
0.00174912449771658	-0.00378347333124821	0.00384329864271110
-0.00385789313219688	0.00388255497130281	0.00175102121422274
-0.0129355051499927	0.000162939585143161	0.0138392863382941
0.00816302140096981	-0.00141257865170234	-0.00503213345384353
-0.00768604482959141	-0.00296491053370719	0.0119792842090152
0.00206219098213594	0.00298493685136279	-0.00319722857109025
0.0103394693832108	-0.00608125593454635	-0.00293005716838538
0.00371776014512016	-0.00106206802935188	-0.00151732187093591
-0.000982514848594357	0.00355628844704080	-0.00134377814792907
-0.00253376407798359	0.000177351306683281	0.00370284801082614
-0.00158983852639147	-0.00113370403078554	0.00444235897333831
0.00210621615004437	0.00219886251007695	-0.00296841229616891
-0.00191845650716166	-0.00190737371617987	0.00506031623400720
-0.00406040146338593	-0.00195072309687222	0.00727064010448276
0.00321555259924926	-0.00375775174006142	0.00141403406435753
-0.00170048177911054	0.00215615485876464	0.00114109444071305
0.00132952189969161	0.00364384114425098	-0.00388673869628980
-0.00958355546323745	0.00136483310996854	0.00817713957489822
0.00502710204966958	0.00317930519649528	-0.00714023542067738
0.00608456954580652	0.00290689819720128	-0.00805374841674562
0.000767220028305421	-0.00641014097319492	0.00709973693380356
0.00448280635653614	-0.00171676947044214	-0.00143167919854667
0.00704458906005670	-0.00116240548447546	-0.00518423612816562
0.000806177806323206	-0.00234158691065600	0.00335453192934231
0.00537213256827500	-0.000733247210500666	-0.00206075083455167
-0.00388030170399204	0.00221320190604248	0.00270316046545775
0.00817196192286626	-0.00111366923581659	-0.00598011486826346
-0.00686553903439938	-0.000894146983942367	0.00945038460098298
-0.00300918065622613	-0.00234720248424487	0.00688839254101539
0.00942743098211947	-0.00300479398222407	-0.00423528222881314
-0.00886413786933447	-0.00225674625214716	0.0129781535710968
0.00489730346120947	-0.000139478615007502	-0.00356355179534620
-0.00478618638253519	0.00363035855428402	0.00177412971205558
-0.00236295173536555	-0.000712163916415770	0.00446028911020403
0.00380749538887458	-0.000537589272537023	-0.000566867010705924
-0.000924582029646025	-0.00475167715051473	0.00739393796915952
-0.00502610957447672	0.00104494391803139	0.00510159511868454
-0.00329642032448226	-0.00363890900186439	0.00839216017610330
-0.00277539811734224	-0.00442571308157847	0.00904197658227789
0.00470651647618108	0.00338877866720181	-0.00636772067912700
-0.00510896659190204	0.00363861124916227	0.00298776814594494
-0.00169688482753430	0.00250773894164910	0.000371098261696082
0.00315838595281439	-0.00131110365383022	-0.000184312609657401
0.00254057654809110	-0.00104874469603249	0.000166889178817876
-0.00267418060608486	0.000951534697483527	0.00267003038324661
0.00314202204484193	-0.00305887411419312	0.00148929133631010
-0.000451574614980800	0.00106232124763497	0.00180366103736559
-0.000370595045216361	0.00226280274213453	-0.000333817014970922
-0.00211770901125421	0.00277273318379724	0.000508684383457268
0.00835511118012908	-0.00283200177089886	-0.00412079519372251
-0.00201791035383643	0.00250334716300408	0.00111983114474764
0.00600495895602472	-0.00172341803725455	-0.00285786105368303
-0.00583949887242613	0.00305090092331145	0.00436478019702774
-0.000785262549861582	-0.00386511956333695	0.00643070401921635
0.00204942122968547	0.00291151966444163	-0.00402490419572773
0.00576741623728373	-0.00329083014720024	-0.00153819356935528
0.00752812260949671	0.000262734065779274	-0.00653976796864116
-1.38996972253789e-05	0.00206503436024396	-0.000799700233004523
-0.000619101667811995	-0.000364979501211385	0.00183316331777739
-0.00165331149716873	-0.00102400640855527	0.00352197081266763
0.00834696021830381	0.000676412996146892	-0.00774106182301335
0.00420390091415116	0.00124925268357885	-0.00503176667872933
0.00649011808204847	-0.00409019040084261	-0.00121475139155559
0.00628238528368193	0.00110493631423600	-0.00569054856162785
0.00546705148827753	0.00103791070901635	-0.00535689023050635
-0.00618016903066565	-0.000338450426490993	0.00753792611284125
-0.000731237559656536	-0.00266925508674351	0.00468642322840063
-0.00255640134469209	0.00342128949844834	0.000370241828230923
0.00198835207537757	0.000903211404606803	-0.00118578113340427
-0.00455232577118561	-0.00302805329379223	0.00876775855754005
0.000231709196612099	-0.00227107445706338	0.00377518600208989
-0.0100697086865938	0.00128099290837814	0.00999837546837257
0.00464573830689777	-0.00305147956953640	0.000369372839354731
0.00455002731653770	7.54264140165450e-05	-0.00313026264244572
0.00246364313082170	0.00451880469134049	-0.00558899233426062
0.00639983332336062	-0.00112622348029029	-0.00362294272672301
-0.00494156351639176	0.00413593515390901	0.00213622492186040
-0.00129717608406714	-0.000221412751138441	0.00277430176647166
-0.00506665844497663	0.00400923755959743	0.00229900574553067
0.00415065014738679	0.000540305658063461	-0.00286964911161248
0.0130292912097106	0.00352012888156414	-0.0144111731988457
0.00471570835035509	0.00151082882229909	-0.00483418028109088
0.00264068368457591	0.00299624418987586	-0.00403436011424277
0.00367999902874129	0.00455557149913750	-0.00757094556989040
-0.00581966880434560	0.00118835152586547	0.00622949994314598
-0.00666702300719250	-2.00613505497199e-05	0.00810315683250935
-0.00725147765482569	0.00251679989453021	0.00635720605401884
-0.000592003516045912	0.000813146202657466	0.00171890133433630
0.00647030756040948	0.00350838350795141	-0.00822644185986779
0.00440955199949838	-0.00589589041411401	0.00308470588006951
0.00174265251142776	0.00226658830514563	-0.00313067930543456
-0.00420657981416901	0.00691823429638479	-0.00133382440924694
-0.00327950020593907	0.00253335627930919	0.00212846701038087
0.000979670251260886	-0.00112600698175107	0.000952551861331860
-0.0117374067761743	0.00452330494227639	0.00833000309172573
0.00129784702709681	0.000859753780669369	0.000122052299833444
-0.00390555815607780	0.00390449714155534	0.00156699002802972
0.000694773516462922	0.000795003634266148	0.000735589123590343
0.000101599116906887	-0.000536035715441734	0.00218738416482563
0.00682405500454365	5.35482195631583e-05	-0.00582449343974906
-0.000336714285280481	-0.00311224582816817	0.00423230707942651
0.00195164137816217	0.00261201000706499	-0.00279241732578154
-0.00256757501893282	0.00279870608383320	-7.94108139843977e-05
-0.00152301108654261	-0.00221178252070327	0.00516677464201978
-0.0164906591016206	0.00349384321686995	0.0137367719367350
0.00770030644156668	0.000495453733098052	-0.00626019594604324
0.00700391612925353	-0.000870612915866423	-0.00491570630859840
-0.00196992419209623	0.000151338608820691	0.00323325838199116
-0.00254571002881004	0.000743601119515453	0.00364247573979036
-0.00147242118094758	0.00197533392889808	0.00143942967025972
-0.0145366480646128	0.00276853830494634	0.0125995010496425
0.00138365649684291	3.45303843070945e-05	-9.25407497004467e-05
0.00545268499273181	0.000463038861426761	-0.00470959064792279
0.000950839459324780	-2.23220473497732e-05	0.00147597651398488
0.00357389083147380	0.00207294568528306	-0.00449001978354831
0.00300406936723683	-0.00189632385481094	0.000867615311607204
0.00825271653730387	-0.000597737199290696	-0.00617708579006370
-0.00474380371214860	-0.000113063002445442	0.00574368423873328
-0.00374202709439397	8.82778845384140e-05	0.00531467353718899
-0.00201534131347904	0.00238605330138119	0.00144056006703429
-0.00577018925183073	0.00256648301015186	0.00528295899860946
-0.000757115239590107	0.000351930583964153	0.00195059153510929
0.00514597567167187	-0.00238777807145814	-0.00120847647980270
0.00403809072528194	0.000469288144612034	-0.00266746181799145
-0.00208948613436813	0.00283229425961961	0.000213897546185967
0.00393763260917388	-3.28409759245288e-06	-0.00362953095216045
0.00709922712190738	-0.00463279132553015	-0.00115577877824033
0.00487226416510051	-0.00259619754462257	-0.00111880875922976
0.00103356656491775	0.00368896028274418	-0.00340937705522080
-0.00300624913576712	0.00362015574704672	0.00109481684461194
-0.00224114045150002	0.00337417066161984	0.000554563628512987
-0.000459391664789211	-0.00435222198693934	0.00675601485018460
0.00861892025756616	-0.00303239369140377	-0.00273446665332346
0.00619429154633355	0.000144526641969096	-0.00499171563464888
0.0109170014151561	0.000147628407547697	-0.00959020238687638
0.00209827795403404	0.00350142882205014	-0.00488412482227208
0.00727921560402406	0.00243934189628788	-0.00858245407282658
0.000932771306558449	-0.00255456092525253	0.00217979248771101
0.00545508942561104	0.00249716715859562	-0.00580595631167779
-0.00688719088827523	-0.00151562745282294	0.0103689213048375
-0.00256330425384906	0.00289312028762388	0.00174778937570111
0.00912965571500334	-0.00239800207337945	-0.00583280924792649
0.00493273499329917	-0.000931356610988370	-0.00358371844664196
0.00143805696427673	0.00229746389109431	-0.00198413174657204
0.00343183108068587	0.00130016571773929	-0.00342328043130751
0.000613690654239637	-0.00153546177725943	0.00268760139723783
0.00884311962891477	-0.00373100457518886	-0.00339861531198170
0.00142436871201140	-4.08159675022138e-05	-0.000344543756862626
0.00488453884196753	0.00263904564493708	-0.00554843975897037
0.00753761580347534	-0.00812984088863620	0.00240548937167413
-0.00751003999943173	-0.000868955688821731	0.00956515119013657
-0.000376086141835236	0.00306724556994243	-0.00179210966236351
-0.00413869553578541	0.000466271543544558	0.00495927184295850
0.0128842068843865	-0.00489842909847313	-0.00642598714622854
0.000567247891000774	0.00102146953588799	5.97325844487358e-05
0.00188497300901279	-0.00326718296242808	0.00225924354537587
-0.00164719704088371	0.000870571415295657	0.00175345187752276
-0.00367681333891780	-0.000333096126625372	0.00580279834041358
0.00339453501038190	-0.00631158079740180	0.00344529984780058
-0.00353438825426205	0.00477301725456509	-0.000300374406642244
0.000104164038270648	-0.00185257321560939	0.00275900462661020
0.00164680212687378	-0.00536656438754596	0.00492520062236836
-0.00615526016077601	0.00228655043186867	0.00515196090711465
-0.00519476709942539	0.00138231604184184	0.00431002547088568
-0.00159230243597845	-0.000962088969527441	0.00376860459755112
0.00221197145757571	-0.000254319835937707	-0.000313378779933000
-0.00541617615043474	0.00314678158675692	0.00389467179760193
-0.00841080377086711	-0.00184674510949356	0.0110163945107948
0.00467795019902429	0.000865769433261905	-0.00513901088644254
-0.00302208369308757	0.00689473225566465	-0.00345556079792648
0.000455073603464231	0.00586218672326358	-0.00544789318041151
-0.00459458220540443	-0.00231431241909983	0.00829287476526039
-0.00440676201764730	0.00627700309915774	-0.00135166521144610
0.00240809312464367	-0.00266028026246776	0.00141515148616846
-0.00468133415406362	-0.00646047247962148	0.0128691506625049
-0.00278165381874536	-0.00408093892694101	0.00816289653056918
-0.00307364557338863	0.00296030879369722	0.000136232087071625
0.00692476598742469	-0.00716612444934055	0.00157662496674496
-0.00802299240501108	0.00549836674250333	0.00443555511519310
-0.00695689334037219	0.00550544561841905	0.00187869399048814
0.00960114775219402	-0.00529249560760778	-0.00206578560109314
0.000627058600101416	0.00267616369471765	-0.00230740144325615
-0.00441373333277483	-0.00580062063071861	0.0114965728854162
0.00344886958828847	-0.00159402318763195	-0.00129127454177167
0.00230929050160306	0.00367647540245675	-0.00476629503289178
0.00219629959181107	0.000629109210913539	-0.00175999981366564
0.00198545270521742	0.00311855247752268	-0.00450434475620103
0.00751464491000862	-0.00183123738744981	-0.00419730436351805
0.000936168025398749	-0.00167721419333260	0.00179799150722334
0.00655700158079204	0.00168643402369342	-0.00689491242835433
0.00740544101451366	-0.00579249154420023	0.000813227986822665
0.00535513983996971	-0.00193336093746989	-0.00308321448990147
0.00183986382167514	-0.00394871552072710	0.00300877183182131
-0.00216022535057196	0.00466126008982010	-0.00154878846153676
-0.00842706425534369	0.00285766643066740	0.00720969699726651
0.00165672162231493	0.000317642607737159	-0.000605847881736275
8.93501691720598e-06	-0.00349929717686208	0.00496326573188412
0.00720099981731066	-0.00573472089820860	-0.000252973407849559
-0.00916556062022387	0.00459433157592655	0.00586101168669935
0.00295870627508328	0.00208826043717679	-0.00436938643490504
0.00154009997280027	0.00281926386089572	-0.00235065726568349
0.00805384786883430	-0.00321985072326134	-0.00363849285848808
0.000785949166864039	0.00176635543830431	-0.000787243601552968
0.000985603307770354	-0.000850507387284075	0.00173655388692050
-0.00797812113769298	0.00596551341827958	0.00330748162477894
0.0120338960257424	-0.00431605762093057	-0.00655439534639424
-0.00228123723294498	-0.00224682603618910	0.00623964925715010
-0.000782299605395630	0.00208271040984373	0.000278474145780113
0.00424763773367313	0.000286070422212746	-0.00354225235837038
-0.00175247916024211	-0.00108040534431073	0.00301166479026425
0.00673728429805377	-0.000416545944021961	-0.00467147838409669
0.000228043678718023	0.00109281087136746	-0.000156538569097051
0.00366690766656161	0.00414199667751226	-0.00673369196223436
-0.00548150370761797	0.00387167741813477	0.00320080273438784
0.00232769314945698	0.00288848585583753	-0.00304616119933436
0.00197712378134074	0.00205626545445765	-0.00277150879003100
-0.00731929568601479	0.00583302653443379	0.00257137536959779
-0.00392073282795455	-0.00154292282880080	0.00658437226960291
0.00376823196317846	-0.00163949417419364	-0.00148730254980316
-0.00144200397271605	-0.00129895212966617	0.00451286939962280
-0.00363031059439231	-0.00311757319539849	0.00745718038278762
-0.00386652947993003	-0.00340763405778772	0.00879545682507607
-0.00499332103769832	-0.00353703071641276	0.00993918570134005
-0.00255615603204659	0.00116027995006663	0.00348100670799719
-0.000642156618942095	-0.00154448248033887	0.00310621205941097
0.00705480017872823	0.000111942700812839	-0.00564479372246273
-0.00575584450775824	0.00620853233382286	-0.000174997296295954
0.00101256351170624	0.00672629677940439	-0.00701917588373382
-0.00549287915626855	0.00277792224074527	0.00467006973643455
0.00818827444760358	-0.00273978600862040	-0.00453357012077387
-0.00453854659157024	-0.000715059511194553	0.00606412298621286
-0.00965737362464452	0.00462824170319253	0.00621353032803042
-0.00127892516765643	0.00126458937537094	0.00190268279642963
-0.00530761054998268	0.00242850990509993	0.00314009922671414
0.00190975863924949	-0.00294825446269492	0.00281718989002000
0.0104405557560554	-0.00208395698143560	-0.00636293375213000
0.0123625104414694	-0.000121757656495655	-0.0113170510840805
-0.000480341390686935	-0.00519186717698339	0.00675156079859751
-0.00414584748400571	0.00500133414753044	0.000305240749787437
-0.000578901656867764	0.00149406978925713	-0.000272322638219807
0.00139806411996109	0.00315421751268408	-0.00237316432623547
0.00116396287073320	-0.00446802741187476	0.00471551791664868
-0.000543694803723606	2.69319234631566e-05	0.00229085393758524
0.00410068273067510	-0.00314181935358015	-0.000253789967616104
0.00112854886167630	0.00362040845735628	-0.00337382267516763
-0.0112411257237013	0.000605850899167203	0.0130371504799054
-0.00321656133977703	-0.00151181527594052	0.00578804486981540
0.00484000160205782	0.000392973981816785	-0.00409058912016782
-0.00798346767961514	0.00283298738064555	0.00676689687152706
-0.00513062088502312	7.03649751416437e-05	0.00566266967380065
0.00907306164774200	-0.00184807974980568	-0.00500091485886809
-0.00713144655471598	-2.99371838267829e-05	0.00922897131461644
-0.000554233034383595	-0.00319668214046310	0.00536997947314352
0.00903088155781018	-0.00114329462522808	-0.00675061326233195
0.00353372328960826	-0.00198575231839712	-0.000943681825478378
0.00598110733810711	-0.000316831003438742	-0.00486600177466162
-0.00612332465329082	0.00377193110008756	0.00399360392644372
-0.0100171374159711	0.00301691463387264	0.00849560228196130
0.00340933675919588	-0.00140985133444754	-0.000829297225757483
-0.00132878393958500	-0.000433192920049699	0.00248851880529220
0.00843883651357808	0.00171278561623973	-0.00960402386197425
0.00220891125129887	-0.000646922536715055	-0.00143969832119544
0.00244616160062361	-0.00289081169549385	0.00170061947949827
0.00201080742438748	-0.00130479331647187	0.000739036314545955
0.00261770088472334	-0.00177720838650816	-9.09544789047241e-05
0.000564863736527544	-0.000300697720666321	0.00105330309949885
-0.00802532613520218	0.00313751532527038	0.00628695558264706
0.000976911533295838	-0.00176214003574312	0.00185180200464217
0.0149623507475047	0.00192033640140512	-0.0152230680071107
0.00110033360773156	-0.00298432950320990	0.00329493634175369
0.00163245868698917	-0.00142558426457451	0.000354127814387314
-0.00603489951164832	-0.00156183568543190	0.00923602479014973
0.00591620206214377	0.00113682725101917	-0.00560642810400949
0.00182832040091507	-0.000455493332822643	-0.000475642842926464
0.00125118485733550	0.000431057138925126	-0.000400340472429593
0.00910752014797269	0.000603083079971813	-0.00900167497212336
0.00635587258188473	-0.000125029573295720	-0.00534683830307219
0.00459047624607485	-0.00409963790669593	0.00128949082086375
-0.00408728271270374	0.00149744014327742	0.00347918140961105
-0.00697033750731131	0.000814419502015611	0.00743122004327783
0.00397559405430380	0.000791953593444656	-0.00285948786196892
0.00239467795994183	0.000187907333491258	-0.000656077345997853
-0.00424686956578119	0.00206600825611019	0.00288935105558360
0.00405654297484098	0.00826062428816896	-0.0118630651909004
-0.00477966012511540	0.00136776324531048	0.00448069772793487
0.00259411507743071	-0.000495186932361929	-0.000257719914176944
0.00158791186876193	0.00410556934349042	-0.00427649892331688
-0.00178078068004196	0.00101192064948540	0.00234468768220040
0.000661681698462818	0.00266271811654190	-0.00113940214704339
-0.000790617631340996	-0.00154944974940635	0.00463012756813590
-0.0113975018761148	0.00331906197168124	0.00960090930544014
-0.00306416509284633	-0.00237534208151992	0.00702359386476747
0.00166006328153868	-0.00291820988950147	0.00290827556884096
-0.00522917638893825	-0.00143617935762673	0.00818840444025373
0.000221203568563276	-0.00228953461188006	0.00368966488672956
0.00155612015450336	-0.00132000514685659	0.00198029781327227
0.000207091353016112	-0.00152346360932515	0.00160587676210160
0.00791578812460325	-0.00253522933811290	-0.00313475874820050
-0.00706672754225435	-0.00171715780910358	0.0107390850171400
0.00380574113065608	0.00540749471543381	-0.00773877231107083
-0.00241613359231828	-0.000396502323898133	0.00410554805033994
0.00616625143347424	-0.00309673709076987	-0.00159722557572290
-0.00579507773483270	-0.00261498596341553	0.00974130405162090
0.00528620075517537	0.000520160709116292	-0.00364324918874539
0.00535237038535955	0.00254658917604409	-0.00633656240828157
-0.00257015476979043	0.00121915323410781	0.00271519600271947
-0.00332522101112871	-0.00255891353082641	0.00727763228152885
-0.00555223678658160	0.00391486164429783	0.00253256857239701
-0.00209713565912850	0.00550750202318734	-0.00122766337512992
-0.00367747554621694	0.00253665429085838	0.00356933334662564
0.00771549073543797	0.00197586016256327	-0.00828382645623989
-0.00332104925003434	0.00281455146679936	0.00217081219342241
0.00384029007986464	-0.00307627056533632	-0.000366328109795188
-0.00155772128079420	0.00370439471133720	-0.00111893843294564
0.00131504803862796	0.00179142475725386	-0.00236062003137895
0.00734568463181972	-0.00117023743973165	-0.00425728084061037
0.00442187768292745	-0.00266028217321574	-0.00115947196374776
-0.000984606917546882	-0.000626276946561961	0.00263049483343555
0.00382124624105062	0.00281698769113635	-0.00462204187026815
0.00144115421282907	-0.00351252824553743	0.00376624048135563
0.00805389615400748	-0.00740859129656486	0.00124693800656107
0.00509161299085671	-0.00414151614028075	0.00158482687212583
-0.00482156457801868	0.00262031595093563	0.00344315807258743
-0.00261044003029440	-0.00186244454046849	0.00570850846022568
0.00178791705521558	-0.00474210709331162	0.00475727665421726
-0.00224315630855521	0.00353397289335502	8.35583949392370e-05
0.000906302798259299	-0.00267219626509574	0.00243551050810913
0.000515832222464162	0.00129506032403314	-0.000764793181228870
-0.00629735882410184	-0.00142816511978760	0.00960545687014328
-0.000478585194535617	0.000511029968954425	0.00253789729775527
-0.00169098521313993	0.00202601821597180	0.00156793010876292
-0.00340131565750920	0.00248123334037910	0.00279240429145974
0.00202339428371132	-0.00221944999510732	0.00127890793109985
-0.00562675311399905	-0.00222483677124801	0.00873163431286547
0.00498095888436589	0.00175956566077184	-0.00621534910190889
0.00201774719281151	-0.00121593199169491	0.00101543512855061
-0.00598878278971516	0.00378846262965390	0.00323166415656042
0.00378126054214370	-0.00321327166052093	0.00111837116861527
0.000561803121761111	0.00192760393951341	-0.00122663615409672
-0.000685797880524858	0.000909499601126536	0.00138067237447066
6.00811345706865e-05	-0.000615119869857641	0.00115109674322272
-0.00327108869186142	-0.000113794707185168	0.00496910941284832
-0.00213208085540529	0.000856859267091358	0.00248880822237597
0.00232689157625796	0.00672295479220218	-0.00789198161873730
-0.00320838138697998	0.000176718164768557	0.00421716243903691
0.00319829120223549	-0.000209267997460062	-0.00134728960799142
0.00186998343135439	-0.000608406384923498	-1.56091161479278e-05
0.0158885764728691	-0.000526523382677029	-0.0140790186014258
-0.00408236391624362	-0.00141908717823266	0.00757700231641006
0.000881914113085696	-0.00185566037029879	0.00270892530799783
0.00226919302837488	-0.000421351609988623	0.000564716931926580
0.00267490023192129	-4.87594908947623e-05	-0.000810389943054776
0.00482951216051994	-0.000477108349535579	-0.00240493754644625
0.000886244690730296	0.00120793282258250	0.000254126816600912
-0.000560588056537619	0.00414568453354292	-0.00188526213002083
0.000836159667245375	0.00186053461155762	-0.000979550602156407
-0.00962034332906002	-0.00177059172468426	0.0130041723781644
0.00875876874388749	-0.00268995761929912	-0.00492039780700936
0.00789054870572879	0.00232898514526097	-0.00913734918221842
0.0219602589120041	-0.000319513139130152	-0.0200415556542809
-0.00169686845237161	0.00471047486258031	-0.00228056519300605
0.000583284774691880	-0.000514575002954262	0.00140020652734160
0.00466443607363177	0.00291159486170625	-0.00712990626285738
0.00131956810258561	-2.46581193130940e-06	0.000178614651477219
0.00545142676847568	-0.00211688780498080	-0.00270028858968451
-0.00307258997818846	0.00243577093988512	0.00207145044898841
0.00124417682340807	-0.00448859269956543	0.00386737291600128
-0.00146768559763165	-6.36384689273613e-05	0.00358335809577450
-0.00267711534886531	-0.00130173313453691	0.00593199053090886
0.00320604798625826	0.00168110833213086	-0.00301796323563111
0.00709616767806934	-0.00464161952675319	-0.000652740616712587
0.00360901790022886	-0.000830132514972875	-0.00242562495402551
0.00343332473868297	0.00230430719789423	-0.00495581395781496
0.000952146375591391	-0.00115225368962025	0.00103370717119391
-0.00474515225524183	0.00330571524927346	0.00340955535795928
-0.000611265136934837	0.000974351501852733	0.000945134346602728
0.00231705050911163	0.00440402978018450	-0.00477048871656187
0.00300051946477180	0.00269918603543564	-0.00415788949725241
0.00305957142631792	-0.00294474441424548	0.00116913463032720
0.00565734188757630	0.00176585753471729	-0.00490097612882256
-0.00678265857996366	0.000398316583519226	0.00779859289878364
0.00593675452963988	-0.00554324284230118	0.00149715501409133
0.000666226397868358	0.00730042284296240	-0.00662822528956829
-0.00423872089905428	0.00156235645422743	0.00363137977148777
2.27461906713438e-05	-0.00150617127896224	0.00292147396340035
0.00561287343935648	0.00230963980742600	-0.00669065431338682
0.00589334305824070	-0.000635839761861599	-0.00359345371775345
0.000643606718300545	-0.00336046498111172	0.00505762033703302
0.00509255425859648	-0.00109354274363052	-0.00222681732988799
0.00311933186241563	0.000419778017014450	-0.00222446961486537
0.00327077379615916	-0.00147827189366835	-0.000432533931989994
0.0142008129385717	0.00209476175839220	-0.0142380186556103
0.00354743974986524	0.000208765959313740	-0.00166975936568603
0.00273131138301381	0.000512392994825814	-0.00254679509731722
-0.00541235453596058	-0.00144658618215411	0.00708805902645787
0.00210633355050976	0.000152312290712000	-0.00118980268769532
-0.00315089041650757	0.00100014880863447	0.00319049036989804
0.00188319174411312	0.000310847856211442	-0.00125729329062319
-0.00359383841392169	-0.000291948615534892	0.00492349905165387
-0.00493840920389882	0.000495273091285175	0.00602412762860304
0.00384874874867837	-6.73785147013394e-05	-0.00186025078832885
-0.00615320357545781	0.00157882320103668	0.00585784413424256
-0.000188800153410013	-0.00114861719309721	0.00180859588743879
-0.00268138324688123	-0.00395855268772053	0.00701027764038335
0.00910813386531881	-0.00427714874419271	-0.00330859646144876
0.00407246559992604	0.000448691536194374	-0.00230321603541490
-0.00488017258168494	0.00443503530297140	0.00145709701753065
0.00463855454171353	0.000590627334937942	-0.00337428438970712
-0.00353533229188697	0.000762751860876384	0.00406440323633591
0.00226486942273757	0.00574161743355285	-0.00712711042544769
0.00380330157138053	0.00172166708090910	-0.00317867005775419
0.00962893109129487	0.000704482809255316	-0.00974886193060332
-0.00154754298139851	-0.00160559506659467	0.00487346225749667
0.000111111983379387	-0.00184860999529839	0.00330989055454147
-0.00811339151513945	0.00137652807597178	0.00734117348779519
-0.000700491264949749	-0.000190594857543316	0.00181017021027451
0.00111935987933620	-0.000883526191030181	-0.000202672245903182
0.000139169451289001	-0.00564782465821948	0.00685228249256992
-0.00287957948953765	0.00310125238825645	0.00118879853162225
0.0117001642767513	-0.00293752070247006	-0.00720563740601276
-0.00823129344087054	0.00119250951587530	0.00758306840996156
-0.00394349166455888	0.00250066651513657	0.00329274350201798
-0.000515406011843550	-0.00278473863549213	0.00424752429542011
0.00468326223261088	0.00224799401589004	-0.00577345952018764
-0.00175576250859980	-0.00379510108268510	0.00680271611888324
-0.00460680198655006	0.00170373548360805	0.00495408395761222
0.00205273809437871	0.00245667124803813	-0.00305293811534750
0.00314338939340552	0.00277959178433226	-0.00548590606362192
-0.00672979503008067	0.00446179027203917	0.00385948821493889
0.00441481332491371	0.00322352588256190	-0.00615911504521903
0.00659831345331175	-8.57561905373873e-05	-0.00520172491143234
0.00215658727490327	-0.00679941325258881	0.00590358534061179
8.14938210440125e-05	-0.00103578392378830	0.00323312044577924
0.00919856016751582	-0.00178969767100605	-0.00536065736451900
0.00344728103928482	0.00273752230937363	-0.00462431100505827
-0.00498735486619816	-0.00115018259808831	0.00655032083658634
-0.00293553919939328	0.000951244904360107	0.00387666967188736
0.00753921120350584	-0.00312576200802738	-0.00306878865777551
-0.00258986863796967	-0.000306534571690247	0.00452100282687606
0.00515817272519272	-0.00147906207940477	-0.00241493974562822
-0.00209119616418027	0.00217344110490868	0.000953225849215122
0.0146465110528762	0.000546685867676175	-0.0140910720106260
0.00682760139821972	-0.000166632586770658	-0.00565357701064821
-0.00349709746477406	0.00408316938046851	0.000378190435199721