序号      通道号         到达时间         幅度         持续时间(uS)   上升时间(uS)   振铃计数   上升计数   能量(mV*mS)     RMS(mV)      ASL(dB)         撞击数   撞击速率   质心频率 峰值频率   
1	     1	     11.5995060	   37.23	     3742.33	       38.67	   116	     6	       20.22	        7.10	   34.66	     1	      0.88	178996	  2197	
2	     1	     26.7136213	   42.72	     3908.67	      152.33	   134	    15	       21.51	        7.23	   34.82	     2	      0.88	180475	127441	
3	     1	     58.7590089	   66.83	     8708.67	       34.33	   414	     5	       69.47	       10.78	   38.04	     3	      0.88	174038	127441	
4	     2	     58.7595949	   34.18	     9123.33	      192.67	   149	    17	       32.26	        4.88	   30.99	     1	      0.21	217251	 30761	
5	     1	     59.0254705	   32.35	     4386.67	      152.33	    92	    13	       21.82	        6.17	   33.94	     4	      0.88	190132	  2197	
6	     1	     74.3454841	   36.93	     4134.33	      125.00	   156	    14	       23.13	        7.67	   34.96	     5	      0.88	172687	 12451	
7	     1	    101.0192754	   36.01	     3438.33	       33.67	    98	     5	       16.32	        6.42	   33.53	     6	      0.88	184295	120117	
8	     1	    102.1001931	   34.18	     1407.67	        8.67	    24	     2	        5.62	        5.30	   32.04	     7	      0.88	202152	  2197	
9	     1	    104.8861481	   46.69	     7605.00	       10.67	   150	     2	       38.77	        6.32	   34.15	     8	      0.88	176303	  2197	
10	     5	    106.9910494	   41.50	     3527.00	       30.00	   195	     6	       20.02	        7.89	   35.09	     1	      0.27	262658	158935	
11	     1	    106.9910704	  124.82	     6907.00	       18.00	   279	     3	       48.10	       10.30	   36.86	     9	      0.88	154165	129638	
12	     2	    106.9911541	   36.01	     3060.33	       25.33	    94	     3	       15.80	        6.73	   34.26	     2	      0.21	194293	 31494	
13	     1	    108.2677234	   57.68	     5637.67	       38.33	   286	     6	       41.52	       10.43	   37.34	    10	      0.88	160842	120117	
14	     1	    120.2576857	   50.96	    14730.00	      146.67	   324	    16	       94.47	        7.54	   36.14	    11	      0.88	161210	  2197	
15	     1	    133.2693357	   30.82	     1138.33	        9.33	    27	     2	        5.83	        6.25	   34.20	    12	      0.88	194383	  1464	
16	     4	    153.1663226	   66.22	     6493.00	      392.00	   276	    53	       43.23	        9.74	   36.47	     1	      0.12	163948	149414	
17	     5	    153.1670533	  374.76	    10059.67	       59.67	   746	    13	      177.50	       35.17	   44.93	     2	      0.27	204204	153076	
18	     2	    153.1671773	  223.69	    17329.67	      298.00	   612	    29	      253.15	       26.44	   43.29	     3	      0.21	132863	 31494	
19	     5	    155.1730746	   37.23	     9368.67	      278.67	   280	    44	       29.71	        5.28	   30.07	     3	      0.27	274538	156738	
20	     2	    155.1734489	   30.21	     3776.00	      121.67	   109	    10	       17.15	        6.01	   33.15	     4	      0.21	216684	 30761	
21	     1	    155.1735803	   51.88	    12084.33	      104.33	   454	    15	       86.02	        8.65	   37.05	    13	      0.88	156677	  2197	
22	     1	    171.9514342	  111.08	     8444.00	        9.33	   361	     2	       66.87	       10.53	   37.97	    14	      0.88	158246	129638	
23	     1	    172.1964729	   33.87	    18405.00	      370.67	   618	    15	      138.57	        8.81	   37.53	    15	      0.88	165272	  5859	
24	     1	    172.5534096	  148.01	    19187.00	      290.00	   669	     4	      144.82	       10.22	   37.56	    16	      0.88	163995	129638	
25	     1	    172.5769472	   32.04	    10415.67	        8.67	   360	     2	       75.01	        8.47	   37.30	    17	      0.88	233616	  2197	
26	     2	    178.7948895	   78.43	     9624.00	      388.00	   364	    33	       77.64	       12.44	   38.14	     5	      0.21	153055	 31494	
27	     5	    178.7949515	   96.13	     9187.00	      225.33	   503	    40	       56.72	       11.33	   35.82	     4	      0.27	224078	158203	
28	     2	    199.4156322	   32.35	     9918.33	       41.67	    95	     5	       27.32	        3.68	   28.83	     6	      0.21	331133	  5126	
29	     1	    204.9277075	   52.19	    16646.67	       17.33	   435	     3	      118.27	        8.17	   37.03	    18	      0.88	177181	  2197	
30	     1	    228.3681904	  134.89	     5751.67	       58.33	   419	     7	       78.94	       20.44	   42.75	    19	      0.88	149707	  2197	
31	     1	    229.6260271	   65.61	     5389.00	       98.67	   245	    14	       40.45	        9.19	   37.51	    20	      0.88	178260	  2197	
32	     1	    232.2001834	   57.07	     2579.67	        8.67	    90	     2	       14.94	        7.51	   35.26	    21	      0.88	187946	  2197	
33	     1	    232.5580297	   53.10	    10473.00	       81.67	   287	    10	       64.88	        8.10	   35.84	    22	      0.88	143705	 50537	
34	     1	    234.6115844	   69.27	     7647.67	        7.00	   285	     2	       52.89	        8.82	   36.80	    23	      0.88	159726	  2197	
35	     1	    242.6080611	   47.61	     8672.00	      439.67	   222	    26	       49.81	        8.27	   35.19	    24	      0.88	141870	  2197	
36	     1	    243.7428904	   33.57	     6449.67	      387.67	   319	    38	       45.62	        8.94	   36.99	    25	      0.88	172237	 97412	
37	     1	    245.1638134	   35.71	     8969.67	      439.33	   278	    29	       51.07	        7.61	   35.11	    26	      0.88	163414	  6591	
38	     1	    245.3921784	   39.98	     1237.00	        8.67	    54	     2	        5.44	        5.86	   32.87	    27	      0.88	267835	  1464	
39	     1	    247.0637090	   42.72	     3770.33	      228.67	   152	    25	       22.04	        7.78	   35.34	    28	      0.88	181785	136230	
40	     1	    254.9962317	  107.42	     8421.67	      316.67	   381	    39	       68.82	       12.94	   38.25	    29	      0.88	151090	  2197	
41	     5	    254.9970420	   33.87	     8936.67	      465.67	   218	    54	       27.45	        4.88	   29.79	     5	      0.27	259684	156738	
42	     1	    255.1089897	   47.61	     4692.00	       99.67	   103	    13	       21.37	        5.98	   33.17	    30	      0.88	189918	128906	
43	     1	    255.4606140	   42.11	     3578.33	        9.00	    61	     2	       17.11	        5.80	   33.59	    31	      0.88	249288	  2197	
44	     1	    255.8025114	   32.96	     7364.67	      486.00	   352	    44	       51.61	        8.71	   36.91	    32	      0.88	183103	 98144	
45	     5	    256.9978657	   36.62	     2322.00	       25.00	   173	     7	       10.37	        6.50	   33.01	     6	      0.27	354308	392578	
46	     1	    257.1661354	   80.26	     7068.00	        8.67	   258	     2	       43.57	        8.26	   35.80	    33	      0.88	217229	  2197	
47	     1	    259.2294987	  228.27	    27207.67	      165.00	  1189	    19	      286.97	       18.72	   40.46	    34	      0.88	147185	 98144	
48	     1	    259.4109140	   72.94	     5708.00	      329.00	   245	     6	       41.50	        9.18	   37.23	    35	      0.88	185274	  2197	
49	     1	    260.7413290	   34.48	    10609.67	      156.00	   312	    17	       75.18	        8.23	   37.01	    36	      0.88	172360	  2197	
50	     1	    267.6320170	   31.43	     4752.67	       35.33	   230	     6	       34.76	        8.69	   37.28	    37	      0.88	176143	  2197	
51	     1	    310.9496339	   39.98	    13564.67	       94.67	   382	    11	       82.60	        7.31	   35.69	    38	      0.88	167634	  2197	
52	     2	    311.7200955	   33.26	    15747.67	      248.67	   200	    14	       56.83	        5.03	   31.16	     7	      0.21	215447	 11718	
53	     1	    311.7201219	   35.71	    12114.00	      104.33	   330	    12	       76.25	        7.77	   35.98	    39	      0.88	179332	  2197	
54	     2	    316.1454675	   35.40	    22437.67	      218.33	   422	    20	       91.24	        6.04	   32.20	     8	      0.21	204587	103271	
55	     2	    316.2788279	   36.32	    22999.00	      186.33	   287	    10	       75.27	        4.53	   30.32	     9	      0.21	241219	 11718	
56	     2	    319.3855252	   52.19	    14635.67	      388.33	   380	    24	       92.44	        9.67	   36.01	    10	      0.21	177021	 11718	
57	     1	    320.2371282	   32.96	     7444.67	        1.67	   172	     1	       41.94	        6.76	   35.02	    40	      0.88	185220	  2197	
58	     5	    320.6042192	   32.35	     2363.00	       49.33	    77	    11	        6.79	        4.32	   29.21	     7	      0.27	403101	161132	
59	     1	    322.1377835	   31.43	    29663.33	       26.33	   482	     4	      161.13	        6.41	   34.70	    41	      0.88	180088	  2197	
60	     1	    336.9680448	  145.26	    18035.67	      417.33	   891	    53	      197.70	       18.69	   40.80	    42	      0.88	164759	134033	
61	     5	    336.9693515	   73.24	     9872.00	        2.33	   622	     1	       65.39	       11.38	   36.43	     8	      0.27	250804	157470	
62	     2	    336.9693541	   49.74	    15737.00	      196.00	   422	    25	       80.25	        7.97	   34.16	    11	      0.21	183643	 11718	
63	     2	    338.2030858	   35.40	     9000.00	      250.00	   131	    15	       31.71	        4.76	   30.96	    12	      0.21	287418	  7324	
64	     1	    338.2037855	   45.17	     9962.67	       43.00	   277	     5	       63.79	        8.01	   36.13	    43	      0.88	171355	  2197	
65	     1	    338.4145028	   31.43	     5913.67	      160.00	   218	    24	       38.51	        7.78	   36.28	    44	      0.88	198874	  2197	
66	     5	    339.9638218	   67.14	    69181.67	      106.33	  1071	     9	       76.42	        2.76	   21.30	     9	      0.27	294937	158935	
67	     2	    339.9646411	   30.82	     8486.33	      174.33	    94	    12	       23.28	        3.75	   28.80	    13	      0.21	269185	  5126	
68	     2	    342.5575911	  108.34	     9375.00	      174.67	   412	     6	       98.25	       16.32	   40.41	    14	      0.21	148892	 11718	
69	     1	    344.3377641	   34.18	    12599.67	       69.33	   278	    10	       66.82	        6.47	   34.49	    45	      0.88	179728	128906	
70	     1	    344.3994435	   44.86	    10049.00	      194.33	   269	    30	       57.64	        6.89	   35.17	    46	      0.88	215544	  2197	
71	     5	    346.7527431	   32.65	     3156.67	       33.00	   111	     4	       10.56	        4.68	   30.51	    10	      0.27	350189	156738	
72	     1	    346.9746261	   79.96	     8991.67	      252.67	   385	    34	       69.21	       11.51	   37.73	    47	      0.88	179371	  2197	
73	     5	    347.0926381	   36.62	     3000.67	      186.00	   148	    25	       12.04	        5.76	   32.09	    11	      0.27	320145	163330	
74	     1	    347.1019885	   40.28	     7245.00	       16.67	   225	     5	       40.87	        6.85	   35.03	    48	      0.88	290193	194091	
75	     1	    351.2482288	   39.67	    15161.67	      211.00	   251	    26	       76.92	        6.23	   34.11	    49	      0.88	187903	  2197	
76	     1	    352.8131768	   32.35	    10513.00	      153.33	   190	    18	       54.44	        6.44	   34.29	    50	      0.88	153489	  2197	
77	     1	    352.8952024	   37.54	     4810.00	      103.33	   126	    10	       25.88	        6.43	   34.62	    51	      0.88	198327	  2197	
78	     1	    357.2064761	   32.35	     6388.00	       99.67	   152	    13	       32.40	        6.16	   34.11	    52	      0.88	192257	  1464	
79	     4	    358.3275368	   80.26	     3817.33	       55.33	   292	     7	       33.49	       13.08	   38.86	     2	      0.12	200405	172119	
80	     1	    358.3290871	  390.93	    12068.00	      300.67	   702	    41	      261.46	       43.01	   46.71	    53	      0.88	158958	129638	
81	     1	    358.3806148	   50.66	     5177.33	       30.33	   140	     4	       27.24	        6.88	   34.43	    54	      0.88	183128	  2197	
82	     1	    360.4643841	   55.54	     4753.00	      438.33	   229	     7	       33.89	        8.71	   37.06	    55	      0.88	208715	  2929	
83	     1	    362.2709308	   66.83	    10630.33	      120.00	   365	    17	       80.51	        9.86	   37.58	    56	      0.88	148997	  2197	
84	     1	    363.3042024	  211.18	    13383.00	      173.00	   819	    24	      222.09	       30.30	   44.40	    57	      0.88	157456	128173	
85	     1	    365.5686634	   30.52	     5954.33	      329.67	   199	    20	       34.81	        7.26	   35.34	    58	      0.88	183211	  2197	
86	     1	    368.1074451	  169.07	     7184.00	      431.67	   489	    47	      106.50	       24.30	   43.42	    59	      0.88	157181	113525	
87	     1	    369.7033194	   52.80	     5309.33	      141.67	   266	    19	       38.37	        9.93	   37.18	    60	      0.88	153953	135498	
88	     1	    369.7421957	   47.91	    11584.00	       11.67	   333	     2	       75.09	        8.89	   36.24	    61	      0.88	145535	 12451	
89	     1	    373.4742864	  125.12	    14772.00	       40.33	   449	     8	       99.21	       10.60	   36.54	    62	      0.88	204305	115722	
90	     2	    373.4745161	   65.61	     9435.67	      130.33	   268	    21	       36.02	        6.20	   31.65	    15	      0.21	221434	 76171	
91	     5	    373.4745777	  100.71	     9374.00	        5.67	   429	     3	       44.73	       10.07	   33.61	    12	      0.27	278009	163330	
92	     2	    373.6344331	   90.33	     9438.67	      258.67	   384	    19	       72.93	       12.62	   37.76	    16	      0.21	168055	  5859	
93	     1	    373.6344334	  467.53	    10910.67	       41.67	   614	     4	      152.43	       26.11	   42.90	    63	      0.88	174871	130371	
94	     5	    373.6345597	  154.72	     9498.67	      204.67	   579	    41	       82.84	       17.81	   38.82	    13	      0.27	245367	160400	
95	     1	    375.4278657	   44.86	    11030.67	      220.33	   272	    18	       66.69	        7.70	   35.63	    64	      0.88	128998	 51269	
96	     1	    380.5587714	  273.44	    23373.33	      121.00	   692	     9	      199.12	       16.69	   38.61	    65	      0.88	204676	114990	
97	     1	    383.3131484	   34.18	    16277.00	       24.67	   197	     3	       80.03	        5.84	   33.84	    66	      0.88	199637	  2197	
98	     2	    384.0001307	   32.04	     2875.67	      255.67	   112	    15	       14.61	        6.86	   34.13	    17	      0.21	220984	 79833	
99	     1	    384.0001970	   51.27	     4746.00	       17.00	   100	     3	       24.84	        6.95	   34.38	    67	      0.88	177224	 39550	
100	     1	    386.0499757	   29.91	     6918.00	      164.33	   178	    18	       36.69	        6.66	   34.49	    68	      0.88	184506	  2197	
101	     1	    386.2628267	   35.40	     4776.33	       21.33	   150	     4	       27.16	        6.97	   35.10	    69	      0.88	194095	  2197	
102	     1	    386.6581570	   40.59	     6097.00	      486.67	   210	    33	       35.77	        7.28	   35.01	    70	      0.88	196254	  2197	
103	     1	    387.2249680	   66.53	     7258.00	      107.00	   246	    11	       43.15	        7.69	   35.48	    71	      0.88	190628	  2197	
104	     1	    387.7277770	   44.56	     6275.67	      203.67	   160	    28	       32.77	        6.53	   34.36	    72	      0.88	197006	  2197	
105	     1	    390.1125687	   30.21	     4803.33	       94.33	   114	    12	       23.40	        6.17	   33.76	    73	      0.88	199150	  2197	
106	     1	    390.1422583	   51.88	     9369.67	      323.67	   307	    13	       56.65	        8.20	   35.63	    74	      0.88	182461	 39550	
107	     5	    390.1430607	   34.48	     2619.67	       51.00	   149	     7	       13.39	        7.13	   34.18	    14	      0.27	273419	163330	
108	     1	    390.6465780	   31.43	     5360.67	      131.67	   137	    23	       26.43	        6.13	   33.86	    75	      0.88	211948	  2197	
109	     1	    390.8925517	   37.84	     7371.67	       69.00	   196	     9	       38.59	        6.59	   34.38	    76	      0.88	213781	  2197	
110	     1	    391.1219173	   49.13	    28712.67	      170.00	   445	    22	      139.44	        6.22	   33.73	    77	      0.88	164909	128906	
111	     1	    391.9500923	   33.26	     4137.33	      497.00	    93	    33	       21.01	        6.42	   34.12	    78	      0.88	198133	  2197	
112	     1	    391.9909417	   48.52	     8503.33	       21.67	   286	     4	       50.23	        7.67	   35.43	    79	      0.88	169433	135498	
113	     5	    391.9909737	   32.96	     9114.67	      144.33	   206	    20	       25.96	        4.52	   29.13	    15	      0.27	288319	158935	
114	     1	    392.1891230	   31.74	     8134.33	      344.67	   172	    36	       39.98	        6.31	   33.84	    80	      0.88	187536	  2197	
115	     1	    392.5184640	   31.74	     2700.00	      235.33	   108	    26	       14.73	        7.09	   34.74	    81	      0.88	198154	  2197	
116	     1	    392.8067837	   33.57	    15800.33	      104.67	   181	    14	       71.62	        5.50	   33.13	    82	      0.88	191792	  2197	
117	     2	    392.9108093	   58.90	     3666.00	      358.00	   198	    38	       30.25	       11.76	   38.33	    18	      0.21	187863	 72509	
118	     5	    392.9116190	   46.08	    42744.00	       13.67	   720	     3	       72.23	        3.26	   24.71	    16	      0.27	271142	156738	
119	     5	    393.0182923	   46.39	     9688.33	      251.67	   280	    32	       26.70	        5.06	   28.88	    17	      0.27	283958	158935	
120	     1	    393.2169793	  111.69	    13622.00	       44.33	   502	     7	       86.74	        8.86	   36.08	    83	      0.88	157048	111328	
121	     1	    393.7656333	   30.82	     2720.67	      102.33	    98	    13	       14.73	        6.79	   34.68	    84	      0.88	187375	124511	
122	     1	    393.9268633	   66.53	     7595.33	      251.00	   237	    27	       44.03	        7.86	   35.27	    85	      0.88	175147	 39550	
123	     1	    394.0370497	   33.57	     7998.00	      176.00	   192	    21	       41.50	        6.52	   34.31	    86	      0.88	190761	  2197	
124	     5	    394.2923973	  108.34	    15312.67	      323.00	   549	    57	       57.01	        8.43	   29.54	    18	      0.27	283135	161132	
125	     1	    394.8883077	   32.65	    14189.33	      224.00	   181	    21	       69.08	        5.71	   33.75	    87	      0.88	195415	  2197	
126	     1	    395.2002463	   34.48	     5423.00	      227.00	   170	    24	       30.69	        6.86	   35.06	    88	      0.88	197545	  2197	
127	     1	    395.9112603	   35.10	    13106.00	      196.33	   191	    26	       58.73	        5.62	   33.03	    89	      0.88	191998	  2197	
128	     1	    396.3823330	   41.81	     7244.67	        2.33	   223	     1	       43.21	        7.03	   35.51	    90	      0.88	243319	  1464	
129	     1	    396.6811040	   44.25	    14214.00	       32.00	   329	     4	       68.88	        6.24	   33.71	    91	      0.88	165658	 51269	
130	     1	    396.8290223	   31.13	     2326.67	      230.67	    92	    23	       12.81	        7.03	   34.82	    92	      0.88	199917	  2197	
131	     2	    398.2859457	   45.17	     2936.00	      308.00	   145	    31	       19.20	        9.08	   36.31	    19	      0.21	217241	 95214	
132	     1	    398.3556283	   40.59	     4740.33	      134.67	   151	    17	       27.67	        7.66	   35.33	    93	      0.88	175687	  2197	
133	     2	    398.5056707	   56.76	     9682.67	      107.67	   286	    16	       39.74	        6.33	   32.28	    20	      0.21	231964	 78369	
134	     1	    398.5065470	   58.59	     8011.00	      127.67	   403	    18	       57.63	        9.85	   37.14	    94	      0.88	176468	  2197	
135	     1	    399.6642440	   55.85	    14117.00	      432.00	   536	    25	       91.32	        8.68	   36.22	    95	      0.88	183893	117919	
136	     5	    399.8533903	   39.06	    16437.67	      113.00	   320	    19	       33.06	        3.53	   26.17	    19	      0.27	334116	163330	
137	     1	    399.8744717	   58.59	    24509.33	      266.33	   559	    29	      127.25	        6.90	   34.31	    96	      0.88	202882	117187	
138	     2	    399.9665027	   35.10	     3562.33	      449.33	   161	    17	       21.41	        8.39	   35.58	    21	      0.21	213435	 76171	
139	     1	    399.9683863	   36.93	    10569.67	       51.00	   235	     7	       53.89	        6.19	   34.15	    97	      0.88	184133	  2197	
140	     5	    400.0066073	   30.21	     2825.00	       56.33	   102	    11	        8.66	        4.48	   29.77	    20	      0.27	375764	161865	
141	     1	    400.1761103	   41.20	    44714.33	       48.33	   737	     7	      210.01	        5.73	   33.44	    98	      0.88	199615	  2197	
142	     1	    400.6900093	   94.91	    13714.67	       17.67	   553	     3	       96.31	       10.39	   36.93	    99	      0.88	157163	120849	
143	     1	    400.9703500	   31.43	    12601.00	       25.33	   300	     4	       59.00	        5.84	   33.41	   100	      0.88	192783	  2197	
144	     2	    401.1534863	   33.26	     2569.33	      116.00	    95	    14	       12.90	        6.57	   34.02	    22	      0.21	245165	  8056	
145	     5	    401.1534903	   33.26	     2459.00	      163.00	   196	    26	       15.71	        8.88	   36.11	    21	      0.27	298598	156005	
146	     5	    401.2467960	   45.17	     2871.67	        1.00	   149	     1	       14.00	        7.08	   33.77	    22	      0.27	302844	156005	
147	     5	    401.5062327	   34.18	     3658.67	      353.00	   165	    50	       17.86	        7.11	   33.78	    23	      0.27	263933	158935	
148	     5	    401.5213267	   31.13	     1683.00	       69.00	    64	    14	        6.75	        5.49	   32.08	    24	      0.27	348720	161132	
149	     5	    401.5475507	   34.48	     2274.00	      102.00	   168	    15	       12.40	        7.32	   34.74	    25	      0.27	307250	161865	
150	     5	    401.9137813	   44.25	     2857.00	      368.33	   218	    16	       17.70	        8.69	   35.84	    26	      0.27	294198	161132	
151	     5	    402.1748770	   30.52	     1251.33	       24.00	    51	     5	        5.63	        6.09	   33.07	    27	      0.27	329638	161132	
152	     1	    402.3625583	   32.35	    12520.67	       38.33	   212	     6	       60.09	        5.76	   33.63	   101	      0.88	206763	  2197	
153	     2	    403.0540926	   29.91	     3749.67	       13.00	   102	     2	       16.33	        5.90	   32.79	    23	      0.21	235200	 72509	
154	     1	    403.1423503	   44.25	     6866.67	      361.67	   300	    18	       48.00	        8.90	   36.89	   102	      0.88	184468	117919	
155	     1	    403.2989396	   41.81	    24014.00	      124.67	   726	    17	      153.65	       10.49	   36.12	   103	      0.88	190376	  2197	
156	     2	    403.5471660	   30.52	    16116.33	      494.33	   229	    46	       42.47	        4.02	   28.46	    24	      0.21	214407	 72509	
157	     1	    404.4206866	   39.98	     3781.00	      138.00	   113	    18	       19.48	        6.75	   34.25	   104	      0.88	200140	  2197	
158	     1	    405.2853060	   45.47	     5303.33	       41.00	   220	     7	       33.65	        8.10	   36.05	   105	      0.88	183807	  2197	
159	     1	    405.3951983	   52.19	    12186.00	      154.00	   237	    14	       60.36	        6.48	   33.90	   106	      0.88	169465	  2197	
160	     2	    405.4944380	   80.87	     8999.67	      487.67	   365	    16	       58.28	       11.73	   36.23	    25	      0.21	228468	 72509	
161	     2	    406.3345310	   40.89	     9245.00	      198.33	   224	    19	       34.11	        5.43	   31.36	    26	      0.21	222968	 81298	
162	     1	    406.3352540	   49.44	    10470.33	      128.00	   404	    17	       69.36	        8.72	   36.42	   107	      0.88	163201	117919	
163	     1	    406.4011666	   42.72	    17100.00	      126.67	   398	     8	       88.11	        6.63	   34.24	   108	      0.88	201715	119384	
164	     1	    406.4959200	   60.73	    19478.67	        1.33	   838	     1	      127.38	        8.91	   36.31	   109	      0.88	162938	117919	
165	     1	    406.8823110	   37.54	    17116.33	      457.67	   562	    23	       90.14	        6.73	   34.43	   110	      0.88	215726	115722	
166	     1	    406.9606083	   35.71	     6320.67	      105.00	   161	    14	       31.29	        6.22	   33.90	   111	      0.88	195127	  2197	
167	     1	    407.7616813	   81.18	    28059.33	      473.67	   864	    13	      162.19	        8.03	   35.24	   112	      0.88	188476	133300	
168	     2	    407.7683823	   37.54	     9045.67	      298.00	   178	    30	       29.71	        4.98	   30.35	    27	      0.21	230170	 72509	
169	     1	    407.7938123	   32.65	    18797.00	       66.33	   564	    10	      102.33	        6.90	   34.72	   113	      0.88	213191	  2197	
170	     2	    407.9282260	   30.52	     9561.00	      497.67	   129	    32	       23.58	        3.55	   27.89	    28	      0.21	278816	102539	
171	     1	    408.4546563	   56.76	    30223.67	      425.67	   789	    21	      152.65	        6.57	   34.07	   114	      0.88	205428	  2197	
172	     4	    408.5343886	   33.57	     1390.67	      178.67	    63	    14	        6.86	        6.33	   33.87	     3	      0.12	218086	 55664	
173	     2	    408.5350323	   77.21	     9557.67	        2.00	   320	     1	       44.94	        8.06	   33.46	    29	      0.21	189575	177978	
174	     2	    408.6882633	   38.45	     4188.00	      246.67	   122	    26	       18.20	        6.07	   32.77	    30	      0.21	235409	 85693	
175	     1	    408.6893373	   40.89	    20884.00	        9.00	   477	     2	      102.41	        6.08	   33.82	   115	      0.88	174835	  2197	
176	     1	    408.8808026	   32.04	    94594.33	       31.00	  2873	     5	      534.08	        7.96	   35.04	   116	      0.88	189858	  2197	
177	     2	    409.4283043	   56.76	    10935.00	       25.00	   253	     3	       41.69	        6.16	   31.65	    31	      0.21	193881	 76171	
178	     2	    409.6823983	   58.90	     8875.00	      399.00	   239	    29	       36.27	        6.71	   32.25	    32	      0.21	209474	 66650	
179	     1	    409.9644996	   81.79	    76392.33	      122.67	  2554	    16	      437.86	        7.94	   35.17	   117	      0.88	193521	119384	
180	     1	    410.3581566	   47.00	    45860.33	       93.00	  1506	    13	      271.19	        8.62	   35.44	   118	      0.88	164886	  2197	
181	     1	    410.4531516	   39.06	    23564.33	      205.67	   892	    24	      134.80	        7.24	   35.15	   119	      0.88	190884	  2197	
182	     1	    410.8638996	   36.93	    91298.33	       73.33	  3073	    10	      512.86	        7.80	   34.99	   120	      0.88	186863	117919	
183	     2	    411.1757906	   36.32	     3189.00	      463.33	   124	     8	       15.96	        6.93	   33.99	    33	      0.21	235593	 80566	
184	     4	    411.3672840	   32.65	     1598.00	       30.67	    67	     4	        8.31	        6.95	   34.32	     4	      0.12	208653	153076	
185	     2	    412.8229820	   71.41	    29241.00	        2.67	   498	     1	      101.85	        5.44	   30.86	    34	      0.21	170215	 77636	
186	     4	    413.3583323	   39.37	     4530.67	       93.33	    89	    10	       16.81	        5.23	   31.41	     5	      0.12	193002	 55664	
187	     4	    413.9698630	   35.40	     2756.67	       72.00	   111	    12	       13.65	        6.52	   33.90	     6	      0.12	204305	 55664	
188	     4	    414.2313170	   49.13	     2569.00	      129.33	   164	    14	       19.43	       10.41	   37.57	     7	      0.12	189743	 55664	
189	     4	    414.3790596	   36.93	     4661.33	      262.33	   112	    27	       16.99	        5.18	   31.25	     8	      0.12	227770	154541	
190	     4	    414.4386963	   36.93	     3048.67	      282.00	   147	    34	       16.38	        7.46	   34.61	     9	      0.12	203530	 55664	
191	     4	    414.7233513	   42.42	     5412.33	      230.00	   193	    31	       24.73	        6.49	   33.21	    10	      0.12	203924	154541	
192	     4	    414.9193006	   88.20	     6029.67	      392.67	   350	    52	       56.28	       14.70	   39.40	    11	      0.12	167528	 55664	
193	     4	    414.9500273	   37.54	     5672.67	       73.33	   160	    14	       23.46	        5.81	   32.34	    12	      0.12	221194	 55664	
194	     4	    414.9916286	   53.41	    13792.00	      250.67	   567	    29	       74.42	        7.57	   34.65	    13	      0.12	187702	 55664	
195	     3	    415.5220893	   49.13	     3261.00	      274.00	   192	    42	       21.06	        9.24	   36.21	     1	      0.01	193322	175781	
196	     3	    415.7437206	   33.26	     3642.00	      360.00	    77	    28	       21.21	        8.34	   35.31	     2	      0.01	161511	  5859	
197	     3	    415.7984893	   95.83	     6833.33	      464.67	   254	    23	       47.19	       11.28	   36.79	     3	      0.01	181441	  6591	
198	     3	    415.8278633	   42.72	     2899.67	       71.67	   145	    13	       17.24	        8.02	   35.49	     4	      0.01	177879	178710	
199	     4	    415.8507480	   56.46	     2037.00	      115.67	   192	    19	       17.50	       12.15	   38.68	    14	      0.12	211663	213867	
200	     4	    415.9364336	   41.50	     2331.33	      104.33	   123	    13	       14.48	        8.34	   35.87	    15	      0.12	195126	 57128	
201	     4	    415.9540396	  215.76	     5841.67	      125.00	   478	    21	       87.41	       25.82	   43.50	    16	      0.12	185254	154541	
202	     3	    415.9540816	   41.20	     1897.67	       92.00	   119	    16	       11.38	        8.01	   35.56	     5	      0.01	217078	176513	
203	     4	    415.9661706	   34.48	     3447.00	      263.67	   139	    24	       21.38	        8.24	   35.85	    17	      0.12	169975	 11718	
204	     4	    415.9886376	   30.52	     2390.33	      461.67	   166	    41	       16.60	        9.23	   36.83	    18	      0.12	208456	152343	
205	     4	    416.0116626	   58.90	     4137.67	      291.33	   209	    41	       33.57	       11.70	   38.19	    19	      0.12	166353	 75439	
206	     4	    416.0347533	   34.48	     2034.00	       86.67	   138	    16	       11.46	        7.40	   35.02	    20	      0.12	227929	155273	
207	     4	    416.0494509	   34.79	     2763.67	      233.67	   150	    29	       15.43	        7.30	   34.94	    21	      0.12	215646	155273	
208	     4	    416.0702533	   35.10	     2791.00	      233.67	   126	    27	       14.70	        7.04	   34.44	    22	      0.12	213378	175781	
209	     2	    416.2905859	   74.46	    21559.67	      311.33	  1077	    24	      244.23	       22.10	   41.08	    35	      0.21	160851	 80566	
210	     4	    416.3184279	   68.97	     3681.00	      264.33	   279	    44	       29.69	       11.67	   38.13	    23	      0.12	209216	153808	
211	     2	    416.3903469	   87.89	     5244.33	      283.67	   381	    55	       43.03	       12.52	   38.28	    36	      0.21	216225	 76904	
212	     2	    416.4376316	   47.00	    24539.00	      495.67	   694	    27	      113.00	        6.89	   33.28	    37	      0.21	214423	105468	
213	     4	    416.5128539	   43.64	     2439.67	      457.67	   117	    20	       13.61	        7.72	   34.93	    24	      0.12	204797	156005	
214	     2	    416.5738439	   34.79	    26265.00	      258.33	  1088	    10	      204.92	       13.08	   37.85	    38	      0.21	172473	 10986	
215	     2	    416.6041156	   37.23	     9049.33	      241.33	   114	    20	       31.96	        4.91	   30.98	    39	      0.21	204759	 66650	
216	     2	    416.6565459	   93.38	    31638.00	       28.67	   983	     3	      194.99	       10.10	   35.80	    40	      0.21	146597	 86425	
217	     5	    416.7105389	   39.98	   131372.00	      354.00	 12331	    23	     1620.75	       28.32	   41.82	    28	      0.27	301829	161132	
218	     4	    416.7462253	   65.92	     6973.67	      303.67	   239	    26	       64.92	       13.81	   39.38	    25	      0.12	133035	 10986	
219	     2	    416.7834046	   52.19	    25414.33	      485.00	   927	    51	      155.24	        8.84	   35.72	    41	      0.21	167982	 86425	
220	     2	    416.8128186	  502.32	    29126.67	      493.67	  1787	    35	      416.96	       31.26	   43.11	    42	      0.21	171914	 98144	
221	     4	    416.8132859	  123.60	     3850.00	      125.67	   288	    21	       37.00	       14.79	   39.65	    26	      0.12	182963	152343	
222	     2	    416.8468766	   60.42	     6711.33	      110.67	   203	     5	       34.93	        7.93	   34.34	    43	      0.21	173846	 93750	
223	     4	    416.9596676	   45.47	     2462.33	       73.33	   157	    12	       16.60	        9.02	   36.57	    27	      0.12	196562	175781	
224	     2	    416.9777069	  136.41	    28172.00	      389.00	  1323	    50	      301.18	       18.74	   40.58	    44	      0.21	183811	 11718	
225	     4	    416.9777363	   30.21	     2494.33	      434.67	   181	    58	       17.38	        9.18	   36.86	    28	      0.12	194368	151611	
226	     5	    416.9779556	  372.31	    28548.67	        1.00	  2473	     1	      428.08	       31.43	   43.52	    29	      0.27	243434	156738	
227	     4	    417.0136553	   35.40	     2486.00	      430.33	   106	    41	       12.23	        6.56	   33.84	    29	      0.12	196085	154541	
228	     4	    417.0289706	   34.79	     3875.00	      133.33	   112	    17	       16.55	        6.08	   32.62	    30	      0.12	182737	153808	
229	     4	    417.0368579	   74.16	     5782.00	       12.33	   205	     3	       38.98	       10.01	   36.58	    31	      0.12	145249	 10986	
230	     1	    417.0816993	   48.22	    43551.67	      308.67	  2459	    43	      396.05	       16.43	   39.18	   121	      0.88	190336	118652	
231	     2	    417.1034929	   56.76	    11508.67	      246.33	   379	    27	       66.38	        9.41	   35.23	    45	      0.21	152926	 74707	
232	     1	    417.1292546	   30.21	    33176.67	      104.67	  1675	    11	      263.01	       15.48	   37.99	   122	      0.88	203860	114990	
233	     5	    417.1366916	   30.82	     9482.67	       67.00	   295	    10	       34.38	        5.46	   31.21	    30	      0.27	340377	161865	
234	     5	    417.1644243	   65.92	    17573.00	      429.67	   657	     3	       75.34	        6.68	   32.66	    31	      0.27	275453	161132	
235	     2	    417.1649059	   40.59	     8018.67	      239.00	   220	    22	       37.10	        6.57	   33.32	    46	      0.21	192953	 78369	
236	     1	    417.1899399	   32.04	    15309.67	       95.33	   357	    11	       63.54	        6.07	   32.38	   123	      0.88	226572	191894	
237	     4	    417.2446449	   57.37	     3014.33	      448.33	   276	    62	       26.93	       12.53	   38.76	    32	      0.12	223591	150146	
238	     5	    417.2647886	   55.54	    68866.67	      458.67	  4082	    22	      509.54	       16.06	   37.39	    32	      0.27	278663	161132	
239	     2	    417.2851596	   54.02	     7985.67	      176.00	   207	    25	       35.08	        6.61	   32.87	    47	      0.21	198801	 73974	
240	     2	    417.3240323	   90.03	     8872.00	      152.33	   371	    25	       54.11	       10.52	   35.71	    48	      0.21	210473	186035	
241	     2	    417.4046469	   95.21	     8250.00	      309.67	   351	    15	       51.39	       10.05	   35.89	    49	      0.21	202958	 10986	
242	     5	    417.4049599	  238.65	    70467.00	       16.33	  4285	     6	      818.24	       40.88	   41.30	    33	      0.27	285255	158935	
243	     4	    417.4599046	   36.32	     2445.00	       92.67	   273	    11	       24.69	       12.83	   40.08	    33	      0.12	224810	152343	
244	     2	    417.4837736	   33.26	     2990.33	       67.33	   113	     4	       14.32	        6.36	   33.61	    50	      0.21	226168	 79833	
245	     4	    417.4917006	   45.17	     2595.33	      202.33	   233	    24	       20.15	       10.45	   37.80	    34	      0.12	217692	150146	
246	     4	    417.5011609	   31.74	     1865.67	      311.00	   101	    23	       10.66	        7.59	   35.14	    35	      0.12	200373	154541	
247	     2	    417.6651656	   35.40	     8513.00	       80.67	   285	     8	       42.05	        7.02	   33.88	    51	      0.21	201872	105468	
248	     5	    417.6990589	   36.32	    14293.67	      488.67	   687	    41	       60.93	        6.36	   32.61	    34	      0.27	300320	158203	
249	     1	    417.6996639	   34.18	    10787.00	      274.67	   551	    22	       66.29	        8.63	   35.78	   124	      0.88	201044	120117	
250	     2	    417.7979766	   31.43	     9238.00	      250.00	   300	    12	       44.10	        6.69	   33.59	    52	      0.21	267885	 86425	
251	     1	    417.8200536	   36.93	    14282.33	       17.00	   911	     3	      153.01	       23.28	   40.60	   125	      0.88	200746	120117	
252	     2	    417.8644716	   61.65	     9498.33	       73.00	   222	     9	       40.63	        6.93	   32.64	    53	      0.21	172573	 76904	
253	     5	    417.9252526	  120.85	     8511.00	      411.00	   655	    66	       95.54	       18.03	   41.00	    35	      0.27	195197	161132	
254	     5	    417.9779169	   64.39	     2414.67	      111.67	   306	    32	       21.23	       12.36	   38.88	    36	      0.27	303047	158203	
255	     1	    417.9779193	   83.01	    34908.00	       42.33	  2161	     7	      286.13	       13.16	   38.27	   126	      0.88	214059	114990	
256	     5	    417.9913833	   54.93	    23300.67	      400.00	  1799	    20	      171.06	       11.56	   37.32	    37	      0.27	282438	163330	
257	     1	    418.0266439	   55.24	     3838.67	      183.67	   183	    23	       24.11	        8.95	   35.96	   127	      0.88	180484	114990	
258	     2	    418.0323863	   46.69	     7689.67	      448.33	   152	    26	       26.53	        5.16	   30.78	    54	      0.21	213102	 75439	
259	     1	    418.0438416	   30.52	     4299.00	      397.00	   158	    40	       21.62	        7.07	   34.04	   128	      0.88	184587	120117	
260	     1	    418.0588369	  150.45	     8725.67	      371.33	   589	    50	       97.34	       21.55	   40.95	   129	      0.88	197704	133300	
261	     1	    418.0840286	   54.63	    10047.33	      126.00	   568	     8	       83.13	       13.11	   38.35	   130	      0.88	201382	114990	
262	     1	    418.1285506	  223.39	    24574.67	       96.67	  1199	    14	      243.71	       20.20	   39.93	   131	      0.88	161794	116455	
263	     1	    418.1577743	   58.29	     4736.67	        7.67	   308	     2	       37.73	       11.07	   38.02	   132	      0.88	184694	119384	
264	     5	    418.1577776	   52.80	     4046.33	       74.33	   281	    14	       22.47	        8.02	   34.90	    38	      0.27	299430	160400	
265	     1	    418.2251219	   57.37	    23325.67	      103.33	  1252	    13	      172.35	       12.41	   37.37	   133	      0.88	188085	134033	
266	     1	    418.2649896	   30.82	     6807.00	      335.67	   135	    15	       25.94	        5.07	   31.64	   134	      0.88	213941	134033	
267	     1	    418.2769863	   59.81	    10401.67	       43.67	   513	     7	       87.67	       15.70	   38.52	   135	      0.88	200372	134033	
268	     1	    418.2913936	   42.42	    19733.00	      379.67	   875	    15	      128.15	       11.29	   36.26	   136	      0.88	202752	194091	
269	     5	    418.3058433	   75.68	    14573.67	       98.00	   622	    17	       64.56	        7.95	   32.95	    39	      0.27	249952	159667	
270	     1	    418.3151376	   40.28	    54631.00	      134.67	  2684	    14	      446.24	       15.84	   38.20	   137	      0.88	167307	114990	
271	     1	    418.3737923	   50.35	    18364.33	       63.67	  1352	     9	      197.84	       19.59	   40.65	   138	      0.88	207584	129638	
272	     1	    418.3961579	   53.71	    27274.00	      163.67	   734	    21	      123.51	        6.40	   33.13	   139	      0.88	205120	118652	
273	     1	    418.4631563	  155.33	    37827.00	       12.33	  1772	     4	      290.68	       13.80	   37.71	   140	      0.88	174250	128906	
274	     2	    418.4645293	   34.18	    17581.33	      303.00	   437	    29	       80.43	        7.44	   33.22	    55	      0.21	198257	 79833	
275	     2	    418.4910246	   30.21	     2830.33	       79.67	    40	     8	        8.56	        4.19	   29.64	    56	      0.21	263066	   732	
276	     5	    418.5178309	  132.14	    16478.67	      404.67	   752	    19	       93.39	       11.38	   35.08	    40	      0.27	250655	158203	
277	     2	    418.5178946	   75.68	     9533.00	      346.67	   311	     7	       57.53	       10.11	   35.62	    57	      0.21	171698	 72509	
278	     1	    418.5612866	   42.72	     1996.67	       35.33	    85	     5	       11.83	        8.42	   35.46	   141	      0.88	194044	114990	
279	     1	    418.6960549	   36.93	     5180.00	      103.33	    83	    13	       22.00	        5.68	   32.57	   142	      0.88	199475	114990	
280	     5	    418.7045009	   64.70	    16520.00	        1.33	   645	     1	       64.64	        6.38	   31.87	    41	      0.27	259545	159667	
281	     1	    418.7052346	   47.00	     4317.67	        1.33	   250	     1	       31.07	        9.95	   37.14	   143	      0.88	175038	105468	
282	     1	    418.7155909	   32.04	     6177.00	      485.33	   186	    46	       26.74	        5.82	   32.74	   144	      0.88	197748	114990	
283	     2	    418.7249016	   92.77	    22339.67	       93.33	  1189	    15	      294.16	       23.83	   42.39	    58	      0.21	156967	 86425	
284	     5	    418.7250229	  170.59	    16610.67	      317.33	  1810	    54	      308.33	       32.43	   45.37	    42	      0.27	225753	161132	
285	     1	    418.7257706	  121.77	    20097.67	      397.33	  1633	    58	      437.59	       40.53	   46.76	   145	      0.88	149349	128906	
286	     4	    418.7355936	   35.10	     2444.00	      270.33	   133	    29	       14.42	        7.84	   35.42	    36	      0.12	198342	176513	
287	     2	    418.7578693	   33.57	     2808.00	      155.00	   212	    17	       17.64	        8.43	   35.96	    59	      0.21	269503	172119	
288	     5	    418.7578699	  118.41	     3655.00	       40.33	   408	     7	       56.39	       23.71	   43.76	    43	      0.27	237985	161865	
289	     4	    418.7864249	   45.17	     2729.67	      337.33	   184	    44	       22.34	       10.91	   38.26	    37	      0.12	172369	 57861	
290	     1	    418.8087249	   59.81	     3661.67	        9.00	   238	     2	       27.63	       11.13	   37.55	   146	      0.88	193179	194091	
291	     1	    418.8410456	   74.16	    10410.67	      350.67	   426	    48	       58.74	        8.61	   35.03	   147	      0.88	175720	114990	
292	     1	    418.8647256	   41.50	     7871.00	      294.67	   505	    18	       66.62	       12.34	   38.55	   148	      0.88	201643	   732	
293	     1	    418.8769419	   74.77	     3481.00	      140.33	   245	    24	       26.91	       11.38	   37.77	   149	      0.88	195743	134033	
294	     1	    418.8844309	   45.47	     5798.67	      313.67	   232	     5	       32.92	        8.03	   35.09	   150	      0.88	190296	114990	
295	     5	    418.8846029	   34.18	    23720.33	      125.00	   901	     3	       87.46	        6.50	   31.37	    44	      0.27	318258	164794	
296	     1	    418.8945896	   76.90	     9021.33	      122.00	   383	    18	       54.00	        9.50	   35.55	   151	      0.88	204762	134033	
297	     5	    418.9249383	   84.84	     3593.00	        1.00	   238	     1	       22.74	        9.88	   36.03	    45	      0.27	299145	158935	
298	     2	    418.9249463	   33.26	     2399.33	       70.33	   121	    10	       13.51	        7.75	   35.01	    60	      0.21	230637	 73974	
299	     1	    418.9258289	   36.01	     3536.33	      367.00	   177	    43	       20.41	        7.65	   35.23	   152	      0.88	181631	117919	
300	     5	    418.9325973	   29.91	     1752.67	      240.00	   118	    39	        7.91	        6.22	   33.11	    46	      0.27	361282	292236	
301	     1	    418.9484669	   72.33	     6751.00	       68.00	   536	     9	       62.71	       14.13	   39.36	   153	      0.88	190934	120849	
302	     1	    418.9708296	   66.22	     9292.33	       90.33	   397	    13	       52.35	        8.06	   35.02	   154	      0.88	207296	114990	
303	     1	    418.9893079	   29.91	     4219.33	       53.33	    54	     7	       15.18	        4.73	   31.14	   155	      0.88	215229	131835	
304	     1	    419.0192343	   69.27	     6602.67	      266.67	   295	    46	       37.29	        8.98	   35.05	   156	      0.88	202149	194824	
305	     2	    419.0914563	   34.18	     3147.67	      177.67	   114	    14	       13.86	        5.93	   32.89	    61	      0.21	249756	 79101	
306	     1	    419.1284166	   78.74	     9990.00	      483.00	   582	     9	       80.87	       11.96	   38.16	   157	      0.88	167393	120117	
307	     1	    419.1540693	   35.10	    11187.00	      231.33	   711	    17	       87.35	       10.94	   37.85	   158	      0.88	205077	114990	
308	     1	    419.1836373	   35.10	     6165.00	       11.00	   176	     3	       25.35	        5.54	   32.30	   159	      0.88	235321	194091	
309	     1	    419.2463429	   66.83	     3289.67	       66.67	   145	    10	       17.80	        7.71	   34.67	   160	      0.88	205436	194091	
310	     1	    419.2675119	   32.65	     8931.33	        1.00	   368	     1	       47.87	        7.40	   34.59	   161	      0.88	191920	186035	
311	     1	    419.2857029	  107.42	    16933.00	       33.33	  1249	     5	      212.33	       21.76	   41.96	   162	      0.88	172155	118652	
312	     1	    419.3845766	   33.57	     3986.67	       51.67	   156	     6	       20.12	        6.66	   34.07	   163	      0.88	211469	  1464	
313	     1	    419.4905976	  132.75	     8983.33	       22.33	   435	     5	       54.13	       10.87	   35.61	   164	      0.88	201559	191894	
314	     1	    419.5404586	   55.54	     2342.00	       62.67	   152	    10	       15.69	        8.90	   36.52	   165	      0.88	207975	117919	
315	     1	    419.6025769	   49.44	     8381.33	       16.00	   503	     3	       87.48	       19.33	   40.37	   166	      0.88	194137	133300	
316	     2	    419.6251436	   32.35	     9125.00	      368.33	   282	    24	       34.10	        5.86	   31.48	    62	      0.21	231196	105468	
317	     1	    419.6474789	   50.05	     6510.67	       22.33	   424	     4	       63.10	       14.11	   39.73	   167	      0.88	153101	129638	
318	     1	    419.6649419	   45.78	     7234.00	       35.00	   154	     5	       28.24	        5.46	   31.85	   168	      0.88	213602	114990	
319	     1	    419.6898803	  154.42	     5305.00	      140.00	   327	    23	       48.74	       17.13	   39.26	   169	      0.88	196465	156738	
320	     5	    419.6915139	   42.11	     3125.67	       32.33	   207	     6	       19.67	        9.08	   35.98	    47	      0.27	320136	154541	
321	     5	    419.7048926	   30.52	     3731.00	        0.33	   112	     1	       10.16	        4.10	   28.75	    48	      0.27	386493	161132	
322	     1	    419.7287263	   36.32	     2631.00	      325.00	   129	    42	       16.36	        8.41	   35.88	   170	      0.88	178836	114257	
323	     5	    419.7783763	   30.21	     9126.33	      448.33	   290	    36	       29.01	        4.62	   30.07	    49	      0.27	368000	159667	
324	     1	    419.7784939	   35.40	     8917.67	      115.67	   281	     8	       40.59	        6.74	   33.17	   171	      0.88	217122	134033	
325	     1	    419.8003323	  119.63	    10384.33	       81.67	   441	    12	       76.31	       12.34	   37.33	   172	      0.88	187140	114990	
326	     1	    419.8666449	   97.66	     6032.33	      478.00	   382	    42	       61.05	       16.17	   40.10	   173	      0.88	192519	129638	
327	     1	    419.8938299	   33.87	     6797.67	      349.67	   287	    33	       34.99	        6.95	   34.24	   174	      0.88	218690	118652	
328	     5	    419.9253596	   33.26	     3378.00	      489.33	   335	    11	       26.54	       11.31	   37.91	    50	      0.27	299767	158935	
329	     1	    419.9383926	   35.10	     8197.33	      360.00	   251	    42	       35.76	        6.12	   32.81	   175	      0.88	212853	132568	
330	     5	    419.9384859	   36.01	     9245.33	      243.67	   323	    37	       30.52	        4.97	   30.40	    51	      0.27	335394	162597	
331	     1	    419.9684926	   38.15	     1763.33	      172.67	   141	    41	       10.23	        7.87	   35.28	   176	      0.88	271224	193359	
332	     1	    420.0179819	  109.86	     3896.67	      205.67	   314	    31	       41.55	       16.80	   40.56	   177	      0.88	176218	114990	
333	     5	    420.0184766	   43.03	     3170.33	       20.33	   292	     5	       21.47	        9.29	   36.62	    52	      0.27	295956	156738	
334	     1	    420.0274053	   64.09	   132785.67	       69.33	  5614	     9	     6239.42	      225.22	   53.44	   178	      0.88	161533	116455	
335	     5	    420.0393316	   68.66	     8699.67	      173.00	   483	    32	       51.91	        9.40	   35.52	    53	      0.27	242393	156738	
336	     2	    420.0396913	   60.42	     8035.00	      128.00	   208	    12	       48.31	        9.34	   35.59	    63	      0.21	157754	 80566	
337	     4	    420.0621679	  898.44	    18028.67	      170.00	   513	    18	      889.27	      101.69	   53.86	    38	      0.12	120615	  2197	
338	     3	    420.0621773	  149.23	     9800.67	      264.67	   238	    21	      136.89	       23.65	   42.90	     6	      0.01	 95400	  5126	
339	     5	    420.1451916	   48.22	    15764.00	      282.00	  1240	    64	      108.64	       11.95	   36.77	    54	      0.27	314928	292236	
340	     2	    420.1452116	   33.26	    15866.33	       19.00	   574	     2	      100.30	       10.51	   36.02	    64	      0.21	225723	 70312	
341	     1	    420.2240969	   31.43	     2014.67	      342.67	    41	    19	        7.69	        5.16	   31.64	   179	      0.88	243216	134033	
342	     1	    420.2407643	  261.23	    18995.00	      198.00	  1098	    28	      215.90	       23.29	   41.11	   180	      0.88	189102	129638	
343	     1	    420.2800046	  163.27	     6382.33	      124.00	   302	    22	       46.06	       13.42	   37.17	   181	      0.88	203198	194091	
344	     1	    420.2903996	   36.01	     5849.33	      115.67	   215	    17	       27.65	        6.57	   33.50	   182	      0.88	212454	133300	
345	     5	    420.2997563	   47.00	     8062.33	       32.67	   439	     6	       42.91	        8.46	   34.53	    55	      0.27	333572	156738	
346	     1	    420.3138209	   48.83	     7276.67	        7.33	   282	     2	       37.02	        7.09	   34.14	   183	      0.88	194606	118652	
347	     1	    420.3307066	  109.56	    10472.67	       65.00	   524	    10	       76.12	       11.44	   37.23	   184	      0.88	174381	120117	
348	     5	    420.3318166	   33.57	    10692.00	      309.33	   339	    32	       34.88	        4.91	   30.30	    56	      0.27	307347	161865	
349	     4	    420.3570406	   32.35	     3152.00	      263.00	   108	    27	       17.31	        7.40	   34.80	    39	      0.12	151771	  2197	
350	     2	    420.3589373	   63.48	     9248.33	      320.67	   275	    26	       67.98	       11.49	   37.33	    65	      0.21	142326	 32958	
351	     5	    420.4051843	   31.74	     2745.00	       38.33	   154	     7	       10.41	        5.75	   31.60	    57	      0.27	372296	156738	
352	     4	    420.4201036	   88.50	     3628.67	      393.33	   392	    72	       41.68	       16.90	   41.20	    40	      0.12	220983	155273	
353	     1	    420.4602356	  106.51	     6679.67	       41.33	   228	     6	       39.10	       10.74	   35.36	   185	      0.88	187916	114990	
354	     5	    420.4851716	   46.08	     4090.33	      463.33	   226	    24	       22.35	        8.36	   34.76	    58	      0.27	282072	162597	
355	     1	    420.4855023	  146.79	     4813.00	       92.67	   307	    12	       52.33	       18.54	   40.73	   186	      0.88	176662	114990	
356	     5	    420.5464753	   32.04	     8562.67	      494.67	   475	    20	       37.02	        6.81	   32.74	    59	      0.27	313053	158935	
357	     1	    420.5481676	   33.87	     3029.67	      231.67	   174	    18	       19.77	        8.42	   36.29	   187	      0.88	189365	125244	
358	     1	    420.5646023	   40.28	     8569.67	      380.00	   654	    40	       72.60	       12.96	   38.56	   188	      0.88	177736	114990	
359	     5	    420.6451566	   32.35	    10308.67	      497.67	   378	    57	       37.75	        5.56	   31.30	    60	      0.27	331433	156738	
360	     1	    420.6654223	   30.21	     4648.33	      140.33	   138	    17	       21.38	        6.37	   33.26	   189	      0.88	248466	114990	
361	     1	    420.6784019	   30.21	     4368.67	      445.33	   292	    32	       31.60	        9.46	   37.19	   190	      0.88	199372	124511	
362	     2	    420.6855863	   52.49	     9187.67	       31.33	   215	     3	       38.82	        6.96	   32.53	    66	      0.21	189231	 73974	
363	     5	    420.6859753	   63.17	     3109.00	       19.00	   245	     3	       22.32	       10.21	   37.12	    61	      0.27	272792	155273	
364	     1	    420.6867713	   52.49	     8838.00	      431.00	   365	    49	       49.30	        8.01	   34.94	   191	      0.88	156234	128173	
365	     2	    420.6988966	   34.18	     9249.67	      250.00	   105	     6	       25.80	        3.86	   28.94	    67	      0.21	338647	 71777	
366	     5	    420.7122699	   37.54	     3188.67	      490.33	   276	    25	       20.94	        9.31	   36.35	    62	      0.27	317076	162597	
367	     1	    420.7203789	   32.96	    12350.00	      475.67	   693	    68	       75.15	        9.47	   35.69	   192	      0.88	232890	195556	
368	     1	    420.7367299	   70.19	    10556.33	       17.67	   951	     3	      119.45	       17.68	   41.07	   193	      0.88	155337	128906	
369	     1	    420.7666749	   81.48	     8236.67	      106.33	   429	    24	       53.56	        9.88	   36.26	   194	      0.88	255140	194091	
370	     1	    420.7836783	   39.98	     5245.00	       41.67	   210	     5	       27.46	        7.53	   34.39	   195	      0.88	202170	114257	
371	     1	    420.8042999	   92.16	     2540.00	      102.33	   154	    18	       19.14	       11.89	   37.54	   196	      0.88	207162	194091	
372	     1	    420.8228986	   44.86	     3857.67	        8.33	   131	     2	       20.26	        7.35	   34.41	   197	      0.88	203265	145019	
373	     1	    420.8596243	   34.48	     2847.67	      104.67	   112	    13	       15.81	        7.55	   34.89	   198	      0.88	196425	134033	
374	     1	    420.8834249	   95.52	    40481.33	      370.67	  2121	    49	      306.37	       12.75	   37.58	   199	      0.88	179519	134033	
375	     1	    420.9434179	   31.13	     4469.33	       45.67	   221	     6	       27.16	        9.01	   35.68	   200	      0.88	232414	133300	
376	     1	    420.9737249	   35.10	     4239.33	       69.33	   202	    11	       27.60	        9.94	   36.28	   201	      0.88	227758	133300	
377	     5	    421.0121146	  124.51	    16872.67	      318.33	  1497	    24	      263.41	       32.83	   43.87	    63	      0.27	250934	156738	
378	     2	    421.0123569	   31.13	    15999.33	      250.33	   826	    19	      162.73	       18.30	   40.15	    68	      0.21	260448	105468	
379	     1	    421.0128029	  136.11	    17105.67	       44.33	  1441	     7	      327.02	       36.02	   45.63	   202	      0.88	170104	135498	
380	     1	    421.0442493	   40.89	     2612.00	       95.00	   112	    17	       13.43	        7.00	   34.23	   203	      0.88	234176	194091	
381	     2	    421.0923516	  102.23	    15499.00	      478.00	   716	    34	      138.38	       15.24	   39.02	    69	      0.21	180340	 71777	
382	     5	    421.0925893	  192.87	     8884.33	      328.67	   647	    86	       89.16	       20.89	   40.03	    64	      0.27	283198	303955	
383	     1	    421.1042666	  114.44	    17214.33	      112.67	   531	    22	       99.48	        9.95	   35.24	   204	      0.88	201733	190429	
384	     5	    421.1054779	   53.10	     3819.33	       27.00	   209	     5	       20.61	        7.72	   34.65	    65	      0.27	283902	160400	
385	     1	    421.1281379	   42.11	     5696.67	      105.67	   275	    16	       40.76	       10.43	   37.09	   205	      0.88	167081	  2197	
386	     1	    421.1422079	   32.96	     2522.33	      485.33	   144	    54	       15.34	        7.96	   35.68	   206	      0.88	216823	135498	
387	     1	    421.1563519	  140.08	    16482.00	      141.67	  1423	    20	      423.56	       55.33	   48.19	   207	      0.88	202061	133300	
388	     1	    421.1773143	  108.34	     4433.00	       40.67	   317	     7	       38.49	       13.57	   38.77	   208	      0.88	213121	114990	
389	     1	    421.2152409	   69.89	     7755.67	      299.00	   343	    18	       47.78	        9.84	   35.80	   209	      0.88	173229	134033	
390	     1	    421.2386966	   39.98	     5747.67	       75.33	   220	    12	       29.43	        7.27	   34.19	   210	      0.88	230330	136962	
391	     1	    421.2484439	  132.14	     8516.33	      173.00	   563	    28	       79.77	       15.89	   39.43	   211	      0.88	226409	118652	
392	     2	    421.3323266	   46.39	     9686.00	      183.33	   241	    12	       45.90	        6.69	   33.52	    70	      0.21	182821	 10986	
393	     1	    421.3746753	  654.30	     6916.33	      190.67	   644	    26	      186.38	       57.82	   48.61	   212	      0.88	204795	156738	
394	     1	    421.4129646	   54.02	    13469.67	       41.67	   438	     6	       77.39	       10.74	   35.19	   213	      0.88	201810	114990	
395	     1	    421.4342899	   61.95	     6655.33	      334.33	   357	    15	       39.93	        8.45	   35.57	   214	      0.88	201856	114990	
396	     1	    421.4695739	   32.96	     8270.00	      182.00	   462	    20	       62.91	       11.80	   37.63	   215	      0.88	172256	117187	
397	     1	    421.5154123	   50.05	     2796.00	       46.00	   186	     7	       21.07	       10.29	   37.54	   216	      0.88	171482	134033	
398	     1	    421.5432353	   32.04	     6187.00	       54.00	   430	     7	       46.67	       10.61	   37.55	   217	      0.88	189364	114990	
399	     1	    421.5752176	   41.20	     5317.67	       76.67	   150	     9	       26.01	        6.70	   33.79	   218	      0.88	213792	   732	
400	     5	    421.6991579	  533.45	     9760.00	      254.67	  1165	     8	      301.54	       64.71	   49.79	    66	      0.27	224209	160400	
401	     2	    421.6992829	  476.99	     9920.67	      235.33	   633	    15	      228.00	       45.99	   47.22	    71	      0.21	145886	 79101	
402	     4	    421.6994056	   72.33	     3654.33	      210.33	   250	    27	       31.46	       12.52	   38.70	    41	      0.12	179550	 57128	
403	     1	    421.7266536	   55.24	    22170.33	       39.33	  1780	     7	     1225.52	      160.31	   54.85	   219	      0.88	227835	145019	
404	     2	    421.7322873	  937.50	    16428.00	      111.67	   933	    13	      643.34	       88.24	   51.85	    72	      0.21	163228	 72509	
405	     4	    421.7323183	  187.99	     7590.67	      215.00	   584	    41	      118.40	       26.84	   43.86	    42	      0.12	182114	217529	
406	     4	    421.7706243	   50.66	     3027.00	      209.33	   228	    39	       19.55	        9.03	   36.20	    43	      0.12	224438	153076	
407	     1	    421.7711539	  393.37	    10528.00	       39.67	   673	     6	      211.54	       41.48	   46.06	   220	      0.88	206821	129638	
408	     5	    421.7722773	  165.71	     9498.67	       57.00	   637	    14	       71.67	       15.81	   37.57	    67	      0.27	250232	156738	
409	     2	    421.7724033	   91.55	     9495.00	       25.00	   302	     5	       56.92	        9.96	   35.56	    73	      0.21	175343	 32958	
410	     1	    421.8287476	   53.41	     4132.33	       35.33	   141	     5	       22.16	        7.78	   34.59	   221	      0.88	192567	114990	
411	     1	    421.8502609	   30.21	     1537.67	      187.00	    54	    15	        6.72	        5.80	   32.83	   222	      0.88	224436	116455	
412	     1	    421.8650319	   51.57	     4594.67	       58.00	   148	     9	       23.25	        7.51	   34.09	   223	      0.88	178191	114257	
413	     1	    421.8770346	   60.12	     8351.33	       43.33	   359	     7	       48.38	        9.08	   35.27	   224	      0.88	212222	114990	
414	     1	    421.8903559	   29.91	     1784.33	       95.33	    60	    13	        7.39	        5.85	   32.36	   225	      0.88	229803	194091	
415	     5	    422.0926133	   34.18	    23216.33	      499.67	  1405	    12	      158.43	       13.33	   36.69	    68	      0.27	266187	163330	
416	     1	    422.0931046	  331.73	     4721.67	       85.67	   461	    15	       80.85	       33.30	   44.67	   226	      0.88	200924	194091	
417	     1	    422.1018259	  217.90	    14969.67	      145.00	   898	    22	      158.69	       18.73	   40.51	   227	      0.88	166117	114257	
418	     5	    422.1269843	   69.58	    14751.00	      453.00	   474	    28	       56.98	        7.93	   31.78	    69	      0.27	256149	156738	
419	     1	    422.1285876	   61.65	     3429.67	       23.00	   203	     4	       25.73	       10.65	   37.51	   228	      0.88	162015	134033	
420	     1	    422.1365346	   38.15	     1621.00	      463.00	    83	    33	        9.45	        7.67	   35.32	   229	      0.88	196212	116455	
421	     1	    422.1498999	  284.42	     6322.33	       38.33	   534	     9	      114.80	       32.16	   45.18	   230	      0.88	226278	130371	
422	     1	    422.1837063	   47.91	     4689.33	       30.00	   169	     5	       26.41	        7.72	   35.02	   231	      0.88	200849	120849	
423	     1	    422.2038673	   85.45	     7461.67	       18.00	   479	     4	       63.34	       12.37	   38.58	   232	      0.88	254200	195556	
424	     2	    422.2269949	   43.95	     2767.00	        1.33	   164	     1	       18.91	        9.07	   36.69	    74	      0.21	206625	101074	
425	     5	    422.2276309	   68.05	    14341.67	      111.33	   699	    19	       66.66	        7.61	   33.36	    70	      0.27	250819	153808	
426	     2	    422.2338469	   33.26	     2335.67	      250.33	    63	    16	        9.14	        5.29	   31.87	    75	      0.21	272975	 93750	
427	     1	    422.2481363	   42.11	     2758.33	      285.33	   138	    40	       18.05	        8.87	   36.32	   233	      0.88	207412	136962	
428	     1	    422.3175256	  117.19	     6418.67	      110.00	   340	     9	       48.41	       12.43	   37.55	   234	      0.88	185855	114990	
429	     5	    422.3190903	   34.18	     9498.67	       69.67	   208	    12	       23.23	        4.22	   27.86	    71	      0.27	334687	153808	
430	     5	    422.4128273	   30.21	     4340.33	      248.00	   114	    16	       12.01	        4.32	   28.89	    72	      0.27	360253	161865	
431	     1	    422.4226396	   35.10	     3559.67	        1.67	    54	     1	       13.76	        5.12	   31.76	   235	      0.88	222748	132568	
432	     4	    422.4609636	   41.50	     3682.00	      387.00	   165	    45	       20.74	        7.93	   35.02	    44	      0.12	225713	155273	
433	     1	    422.4626829	  152.28	     8211.00	      173.67	   604	    26	      133.39	       27.29	   44.21	   236	      0.88	155147	153808	
434	     1	    422.4844663	   50.35	     8734.67	      239.00	   719	     8	      141.39	       29.45	   44.18	   237	      0.88	167035	119384	
435	     1	    422.5499153	  107.42	    16661.67	      126.00	   744	    18	      118.30	       11.91	   37.03	   238	      0.88	158131	128906	
436	     1	    422.5781173	   97.05	    15462.00	       34.33	  1269	     5	      296.62	       33.18	   45.66	   239	      0.88	178225	133300	
437	     2	    422.5791856	   43.64	    16247.33	      165.67	   722	    24	      144.28	       16.32	   38.97	    76	      0.21	209560	 10986	
438	     5	    422.5793106	  112.92	    16122.00	       43.67	  1267	     8	      181.60	       22.29	   41.04	    73	      0.27	242582	156738	
439	     5	    422.6195533	   57.98	     2502.33	      247.33	   152	    18	       11.33	        6.84	   33.13	    74	      0.27	345768	156738	
440	     1	    422.6197059	   49.74	     2798.33	      112.33	   114	    19	       14.29	        7.61	   34.17	   240	      0.88	239747	191894	
441	     1	    422.6377846	   61.04	     2819.33	       84.00	   154	    12	       19.91	       10.62	   36.98	   241	      0.88	191876	114990	
442	     1	    422.6457199	   32.04	     6313.00	      284.00	   233	    38	       32.13	        6.82	   34.14	   242	      0.88	231229	  1464	
443	     1	    422.6655879	   78.74	     6850.00	       52.67	   382	    12	       52.01	       12.62	   37.61	   243	      0.88	200891	196289	
444	     5	    422.6659239	   54.63	     2746.67	      155.33	   289	    28	       21.14	       10.76	   37.73	    75	      0.27	278923	153808	
445	     2	    422.6661749	   35.40	     2747.67	       16.67	   139	     4	       14.77	        7.41	   34.61	    77	      0.21	222599	185302	
446	     5	    422.7072939	   36.01	     1687.67	      376.67	    76	    26	        5.77	        4.86	   30.71	    76	      0.27	386989	163330	
447	     1	    422.7128796	   44.25	     4782.67	      364.00	   190	    21	       22.66	        6.52	   33.52	   244	      0.88	209927	113525	
448	     5	    422.7130426	   34.79	     3002.33	      250.00	   192	    18	       13.66	        6.22	   33.17	    77	      0.27	346857	160400	
449	     5	    422.7729156	   31.13	     2742.00	      163.00	   139	    20	       11.38	        5.87	   32.38	    78	      0.27	330799	161132	
450	     1	    422.7730569	   40.28	     3782.67	       90.33	   148	    12	       20.47	        7.32	   34.67	   245	      0.88	186981	128173	
451	     1	    422.8890629	   38.45	     1951.00	       97.67	   106	    16	       11.66	        8.10	   35.53	   246	      0.88	200862	134033	
452	     1	    422.9610513	  126.34	     4712.33	       43.00	   251	     6	       38.43	       13.70	   38.23	   247	      0.88	180654	114990	
453	     1	    422.9830506	   48.22	     5634.00	       37.67	   182	     5	       34.47	        8.88	   35.74	   248	      0.88	129525	  2197	
454	     1	    423.0329059	   51.27	     5680.67	      191.00	   490	    29	       61.47	       16.73	   40.68	   249	      0.88	201017	120849	
455	     5	    423.0329099	   74.77	    24094.33	       54.00	  1095	    12	      116.58	        9.60	   33.72	    79	      0.27	302946	161132	
456	     2	    423.0329106	   29.91	     4016.67	       13.33	   113	     3	       17.12	        5.65	   32.60	    78	      0.21	241560	 86425	
457	     1	    423.0425863	   67.44	     2370.00	       32.00	   180	     6	       20.75	       13.04	   38.85	   250	      0.88	177176	135498	
458	     1	    423.0504896	   34.18	     8845.00	       28.67	   315	     5	       43.21	        7.00	   33.79	   251	      0.88	198163	114990	
459	     1	    423.0644166	   54.32	     9263.67	       19.33	   689	     3	      163.55	       38.73	   44.93	   252	      0.88	207184	130371	
460	     5	    423.1341836	   34.18	     1688.67	       65.00	   117	    14	        7.57	        6.38	   33.04	    80	      0.27	373245	163330	
461	     1	    423.1445023	   57.98	     5507.00	       72.67	   398	    11	       49.70	       12.38	   39.11	   253	      0.88	188772	130371	
462	     1	    423.1851733	   93.38	     3345.67	      105.67	   233	    18	       29.88	       13.92	   39.02	   254	      0.88	192568	134033	
463	     1	    423.2806386	   43.03	     2108.00	       37.33	   142	     5	       14.60	        9.36	   36.81	   255	      0.88	218905	129638	
464	     1	    423.3257539	   42.42	     2656.33	       60.67	   148	     9	       16.43	        8.27	   35.83	   256	      0.88	193331	132568	
465	     1	    423.3380826	  400.39	    11730.00	       57.33	   568	     9	      140.67	       28.00	   41.58	   257	      0.88	200504	114990	
466	     5	    423.3395989	   82.70	     3184.00	       64.67	   265	    11	       28.42	       13.61	   39.01	    81	      0.27	252496	153808	
467	     1	    423.3538776	   35.40	     1327.33	      102.00	    57	    15	        6.04	        6.93	   33.18	   258	      0.88	271551	191894	
468	     1	    423.4444039	  183.41	     6916.67	       50.33	   363	     7	       65.63	       17.11	   39.54	   259	      0.88	187055	114990	
469	     5	    423.4463369	   35.40	     2748.67	      371.33	   103	    38	       10.96	        5.75	   32.03	    82	      0.27	353343	154541	
470	     1	    423.4950349	   38.76	     2013.00	      104.00	   105	    18	       11.41	        8.14	   35.08	   260	      0.88	222973	191894	
471	     1	    423.5099546	  104.68	     5142.00	       46.67	   306	     6	       51.48	       15.27	   40.01	   261	      0.88	146796	135498	
472	     1	    423.5203106	   31.13	     3739.33	      452.00	   131	    15	       18.85	        6.86	   34.06	   262	      0.88	199378	127441	
473	     5	    423.5268336	   39.37	     2239.00	       48.67	   114	     9	        9.71	        6.42	   32.76	    83	      0.27	360167	161132	
474	     5	    423.6130653	   87.59	     3252.33	      315.67	   284	    17	       29.47	       14.17	   39.15	    84	      0.27	263828	158935	
475	     1	    423.6132883	  136.41	    10049.00	       61.33	   556	     9	       82.21	       13.12	   38.26	   263	      0.88	178022	134033	
476	     1	    423.6319509	   73.24	     4769.67	       26.67	   242	     5	       32.69	       10.36	   36.72	   264	      0.88	187838	120849	
477	     1	    423.6754393	   90.94	     4920.67	       33.67	   303	     5	       40.62	       12.27	   38.33	   265	      0.88	187736	129638	
478	     5	    423.6998089	   59.81	     9248.00	      208.33	   356	    37	       32.88	        6.47	   31.06	    85	      0.27	314476	163330	
479	     1	    423.6998823	   77.21	     5112.33	      366.67	   308	    56	       41.54	       11.91	   38.20	   266	      0.88	200801	114990	
480	     2	    423.6998879	   48.22	     3977.33	       28.67	   181	     5	       22.95	        8.23	   35.23	    79	      0.21	216089	 83496	
481	     1	    423.7275179	   30.21	     1672.33	      306.00	    91	    43	        9.66	        7.77	   35.24	   267	      0.88	248600	136962	
482	     4	    423.7327346	   97.35	     4575.67	      214.33	   329	    39	       43.91	       14.48	   39.64	    45	      0.12	193896	153076	
483	     2	    423.7331786	  313.42	    10227.33	      140.00	   538	    18	      196.01	       36.75	   45.65	    80	      0.21	157837	 10986	
484	     5	    423.7331793	 1508.79	    24114.33	        9.67	  1725	     4	      418.55	       57.58	   44.79	    86	      0.27	308439	156738	
485	     1	    423.7331899	  791.02	    13068.33	      133.33	   856	    20	      553.31	       92.37	   52.53	   268	      0.88	202681	136962	
486	     1	    423.7745853	  598.45	     9435.67	      468.33	   657	    58	      323.03	       66.76	   50.69	   269	      0.88	154677	120117	
487	     4	    423.7746059	   57.07	     2992.00	      131.00	   167	    18	       24.20	       11.08	   38.16	    46	      0.12	166482	 57861	
488	     1	    423.8060766	   32.65	    17471.00	      285.00	  1042	    43	      169.48	       18.72	   39.74	   270	      0.88	231070	136962	
489	     1	    423.8300779	  214.23	    10089.00	      134.33	   481	    27	       75.90	       16.03	   37.53	   271	      0.88	227340	194091	
490	     1	    423.8477706	   33.26	     2423.00	      219.67	    98	    35	       12.41	        6.94	   34.19	   272	      0.88	252071	136962	
491	     1	    423.8640273	   29.91	     3901.00	       25.33	    83	     3	       16.40	        5.41	   32.49	   273	      0.88	187390	  1464	
492	     5	    423.9600259	   35.10	     2502.33	      376.67	    80	    12	        8.15	        4.83	   30.29	    87	      0.27	354801	161865	
493	     1	    423.9603503	   32.04	     1952.33	      105.33	    96	    11	       11.57	        7.75	   35.46	   274	      0.88	193464	130371	
494	     1	    423.9898563	   61.65	     4397.33	      289.67	   191	    42	       27.24	        9.38	   35.85	   275	      0.88	177181	186035	
495	     1	    424.0190009	   44.86	     4270.33	       37.33	   200	     6	       23.71	        7.85	   34.90	   276	      0.88	194485	128906	
496	     1	    424.0549869	   81.18	     5276.00	      105.67	   168	    12	       33.21	        9.33	   35.98	   277	      0.88	176364	114990	
497	     5	    424.1000106	   30.82	     2625.67	      375.00	   103	    36	        8.69	        4.99	   30.42	    88	      0.27	373000	158203	
498	     1	    424.1331046	   63.48	     6335.33	       70.33	   114	    14	       23.76	        5.76	   31.50	   278	      0.88	242725	194091	
499	     1	    424.1776283	   58.29	     4456.33	      367.67	   281	    54	       37.25	       12.47	   38.44	   279	      0.88	175533	136230	
500	     1	    424.1879179	   40.89	     7288.00	       95.00	   108	    13	       26.17	        4.96	   31.12	   280	      0.88	228762	134033	
501	     1	    424.2197443	   47.61	     2377.00	      282.67	   143	    37	       16.83	       10.02	   37.01	   281	      0.88	184396	145019	
502	     5	    424.2198749	   29.91	     3123.67	      248.33	   187	    39	       14.96	        6.89	   33.62	    89	      0.27	310005	160400	
503	     1	    424.2531096	   67.44	     5819.00	      347.33	   329	    41	       49.20	       12.37	   38.54	   282	      0.88	184243	119384	
504	     5	    424.2533703	   37.54	     2992.00	      368.33	   204	    39	       18.06	        8.17	   35.62	    90	      0.27	313137	154541	
505	     1	    424.3940653	   30.82	     1977.33	       52.33	    52	     5	        8.71	        5.83	   32.89	   283	      0.88	209914	131103	
506	     1	    424.4036903	  136.41	     5786.67	      170.67	   389	    32	       56.60	       17.33	   39.81	   284	      0.88	208322	119384	
507	     1	    424.4333249	   49.74	     3231.33	      366.33	   148	    44	       20.78	        9.30	   36.17	   285	      0.88	195354	114990	
508	     5	    424.4333506	   30.21	     2499.00	      289.00	   144	    42	       11.75	        6.53	   33.45	    91	      0.27	324202	156738	
509	     1	    424.4436846	   42.72	     4105.00	       53.00	   153	     8	       19.88	        7.07	   33.72	   286	      0.88	207693	128906	
510	     5	    424.6267009	   54.93	     9374.67	      304.00	   318	    19	       33.45	        5.95	   31.08	    92	      0.27	325360	163330	
511	     1	    424.6269323	   37.84	     7935.33	       75.67	   168	    12	       31.69	        5.40	   32.04	   287	      0.88	234932	156738	
512	     1	    424.6479009	   77.51	     4153.67	      105.00	   162	    20	       22.98	        8.56	   34.87	   288	      0.88	231509	191894	
513	     1	    424.7168636	   31.43	      200.67	       97.33	    31	    19	        1.60	        9.93	   38.02	   289	      0.88	260914	193359	
514	     1	    424.7333979	   43.64	     5862.67	        8.67	   171	     2	       27.00	        6.58	   33.28	   290	      0.88	199193	117187	
515	     5	    424.7679339	   41.81	     2938.67	      407.33	   159	    23	       13.01	        6.69	   32.94	    93	      0.27	339172	156738	
516	     1	    424.7682163	   44.25	     2353.67	      218.67	   150	    32	       16.79	        9.77	   37.06	   291	      0.88	196895	114990	
517	     1	    424.7927943	   73.55	     2258.00	       85.67	   152	    18	       15.64	       10.15	   36.81	   292	      0.88	229262	194091	
518	     5	    424.7934339	   29.91	     2621.00	       23.67	   119	     6	        8.68	        5.20	   30.44	    94	      0.27	354472	163330	
519	     1	    424.8938376	   35.40	     1823.00	       15.33	    92	     3	       10.61	        7.69	   35.31	   293	      0.88	197837	130371	
520	     1	    424.9494663	   58.59	     3634.33	       30.33	   253	     5	       33.75	       13.61	   39.36	   294	      0.88	193919	120849	
521	     5	    424.9611619	  152.28	     8501.67	      345.33	   425	    20	       51.67	       12.78	   35.69	    95	      0.27	267924	160400	
522	     1	    424.9614336	  125.43	     4876.33	       62.33	   390	    10	       67.64	       21.88	   42.84	   295	      0.88	178785	128906	
523	     1	    425.0214673	   35.10	    16883.33	      126.33	   701	    10	      478.10	       63.71	   49.04	   296	      0.88	135991	 32958	
524	     4	    425.0224033	   77.21	     7018.00	       51.33	   217	     5	       63.53	       13.30	   39.13	    47	      0.12	132388	 10986	
525	     1	    425.0499446	  126.65	     4452.00	       75.33	   323	    18	       40.69	       15.16	   39.22	   297	      0.88	225772	133300	
526	     1	    425.0773709	  126.65	     8157.33	      290.67	   626	    39	       83.51	       15.87	   40.20	   298	      0.88	183882	128906	
527	     1	    425.0895299	   70.50	     4661.33	      216.33	   310	    31	       43.40	       14.11	   39.38	   299	      0.88	180496	128906	
528	     1	    425.1063453	   71.72	    11448.00	       65.67	   443	     9	       63.39	        8.42	   34.87	   300	      0.88	185193	130371	
529	     5	    425.1068983	   39.98	    10813.67	        1.00	   326	     1	       35.69	        5.23	   30.40	    96	      0.27	301213	154541	
530	     1	    425.1630806	   48.83	     1380.67	      103.00	    87	    17	        8.77	        9.11	   36.06	   301	      0.88	226183	194091	
531	     1	    425.1837769	   57.07	     8582.00	      171.33	   608	    10	      178.24	       38.95	   46.34	   302	      0.88	156231	115722	
532	     4	    425.1844136	   30.52	     2409.67	      155.67	    75	     9	       10.65	        5.90	   32.92	    48	      0.12	191125	166992	
533	     1	    425.2326163	   61.04	    10254.67	       97.33	   208	    17	       45.73	        6.29	   32.99	   303	      0.88	224735	191894	
534	     1	    425.2907483	   50.35	     3551.33	       43.33	   220	     6	       24.84	        9.18	   36.90	   304	      0.88	174575	128906	
535	     1	    425.3639303	   84.53	     2644.33	      102.67	   169	    16	       18.84	       11.87	   37.06	   305	      0.88	208709	194091	
536	     5	    425.4536089	   57.07	     2872.00	       18.00	   281	     5	       18.12	       10.03	   36.01	    97	      0.27	325870	307617	
537	     5	    425.4737316	   79.04	    17559.00	      124.00	  1288	    23	      132.95	       12.63	   37.59	    98	      0.27	247730	158203	
538	     1	    425.4738083	  115.66	    19301.67	      109.00	  1355	    14	      245.23	       22.79	   42.08	   306	      0.88	147313	117919	
539	     2	    425.4741083	   63.78	    15695.00	      242.00	   529	    21	       76.81	        7.44	   33.80	    81	      0.21	177978	 86425	
540	     5	    425.5270986	  209.05	    16124.00	      251.67	  1410	     6	      254.46	       40.03	   43.96	    99	      0.27	240336	160400	
541	     1	    425.5273306	  187.38	    14399.33	      154.33	  1302	    21	      327.55	       44.35	   47.13	   307	      0.88	158551	114257	
542	     2	    425.5273333	  104.37	    15883.67	      241.67	   826	    24	      162.48	       17.68	   40.20	    82	      0.21	156526	 72509	
543	     4	    425.5340173	   34.18	     2712.67	      239.67	   164	    35	       15.23	        7.50	   34.99	    49	      0.12	203657	175781	
544	     1	    425.6329819	   41.20	     1995.00	       65.33	   157	    11	       12.98	        8.92	   36.27	   308	      0.88	245956	194091	
545	     1	    425.6516456	   50.66	     7975.33	       35.00	   348	     6	       42.26	        7.76	   34.49	   309	      0.88	217420	114990	
546	     1	    425.8578043	   45.17	     9245.67	       19.67	   509	     4	       79.16	       14.30	   38.65	   310	      0.88	163798	116455	
547	     1	    425.8828283	   54.63	     6699.33	      111.00	   328	    17	       40.46	        8.37	   35.62	   311	      0.88	201708	192626	
548	     1	    425.9127119	   30.82	     1700.33	      124.67	    63	    15	        8.29	        6.29	   33.76	   312	      0.88	211464	  1464	
549	     5	    425.9474256	   94.30	     4311.33	      483.00	   278	    32	       29.90	       12.16	   36.83	   100	      0.27	293474	156738	
550	     2	    425.9474259	   43.95	     3208.33	      375.00	   152	     6	       17.40	        7.54	   34.70	    83	      0.21	227250	 78369	
551	     1	    425.9477686	  101.32	     8949.67	       23.00	   341	     4	       57.00	       10.44	   36.09	   313	      0.88	185942	136230	
552	     1	    425.9610229	   78.43	     6902.00	       59.00	   406	     8	       50.64	       11.25	   37.31	   314	      0.88	210130	114990	
553	     5	    425.9610489	   31.13	     8874.67	      101.67	   584	    16	       40.72	        7.92	   33.26	   101	      0.27	330269	162597	
554	     1	    426.0095859	 1513.67	    12870.00	      147.00	   854	    20	      853.58	      153.75	   56.43	   315	      0.88	185942	128173	
555	     4	    426.0096603	   51.27	     2941.00	      332.33	   212	    32	       22.14	       10.16	   37.53	    50	      0.12	178164	130371	
556	     1	    426.0532503	   36.62	     1764.33	       31.67	    75	     5	        8.94	        6.53	   34.10	   316	      0.88	197009	128906	
557	     1	    426.0706079	  101.32	     3101.67	       23.67	   303	     6	       26.41	       12.41	   38.60	   317	      0.88	291009	130371	
558	     1	    426.1298869	   33.87	    10604.00	      105.33	   621	    14	       76.41	       13.03	   37.16	   318	      0.88	227806	194091	
559	     1	    426.1568536	   67.44	     3111.33	      364.67	   220	    57	       27.19	       13.31	   38.83	   319	      0.88	219937	134765	
560	     1	    426.1879153	   32.35	     2057.33	      466.33	    81	    31	       12.07	        7.83	   35.37	   320	      0.88	191879	104003	
561	     1	    426.3770563	   30.82	     1885.33	       19.33	    86	     4	       10.22	        7.07	   34.69	   321	      0.88	213413	  1464	
562	     1	    426.4619949	   41.20	     4486.67	       21.00	   147	     3	       22.58	        6.43	   34.04	   322	      0.88	211005	  1464	
563	     1	    426.5567683	   64.39	     4781.67	       16.67	   288	     4	       34.02	       10.46	   37.05	   323	      0.88	237424	134033	
564	     5	    426.6009763	   50.35	    10185.67	      446.00	   288	    19	       25.89	        4.74	   28.21	   102	      0.27	324235	161132	
565	     1	    426.6013386	   48.52	     3026.33	      202.00	   229	    22	       22.77	       10.28	   37.53	   324	      0.88	239519	134765	
566	     1	    426.6316693	  101.01	     3709.33	      102.00	   196	    18	       27.89	       12.86	   37.53	   325	      0.88	198761	194091	
567	     5	    426.7943286	   34.48	     9376.67	      466.33	   518	    71	       46.17	        7.86	   33.86	   103	      0.27	316995	161132	
568	     1	    426.7943319	   41.81	     7768.33	      194.00	   436	    17	       55.75	       10.92	   37.12	   326	      0.88	204488	127441	
569	     1	    426.8285949	   51.88	     3999.67	       61.00	   221	    10	       27.46	        9.71	   36.74	   327	      0.88	182322	127441	
570	     5	    426.9145013	   34.48	     2375.67	      206.67	   103	    28	        6.97	        4.60	   29.40	   104	      0.27	414167	380126	
571	     1	    426.9954016	   38.76	     4779.00	       62.00	   188	    12	       23.22	        6.59	   33.74	   328	      0.88	240008	190429	
572	     1	    427.0238653	   42.42	     4837.00	      106.00	   265	     8	       35.77	       10.46	   37.38	   329	      0.88	193004	114257	
573	     1	    427.1595993	   36.93	     3085.33	      348.33	   121	    37	       17.86	        7.70	   35.25	   330	      0.88	191894	134033	
574	     5	    427.1812856	   69.27	     4063.33	      461.00	   319	    20	       26.77	       10.06	   36.38	   105	      0.27	286257	158935	
575	     1	    427.1822183	   55.24	     3952.33	      131.33	   285	    18	       33.35	       11.47	   38.52	   331	      0.88	184931	128173	
576	     1	    427.2100889	   35.40	     9257.67	      184.67	   480	    21	       60.82	        9.48	   36.35	   332	      0.88	197257	119384	
577	     1	    427.2296273	   36.01	     6604.67	       46.00	   311	     7	       40.49	        9.93	   35.76	   333	      0.88	205473	134033	
578	     1	    427.2958539	   37.23	     1661.67	      214.00	   100	    26	        9.85	        7.66	   35.46	   334	      0.88	234716	  2197	
579	     5	    427.3146446	   45.78	     2252.33	      297.33	   152	    13	       10.92	        7.08	   33.72	   106	      0.27	328873	157470	
580	     1	    427.3148973	   39.06	     3018.00	      397.33	   180	    41	       21.66	        9.54	   37.12	   335	      0.88	175406	120117	
581	     1	    427.3522236	   36.01	     1417.67	      369.33	    98	    43	       10.48	        9.98	   37.37	   336	      0.88	206439	134033	
582	     1	    427.4839353	   53.41	     4216.00	      448.00	   266	    52	       30.57	       10.21	   37.21	   337	      0.88	196907	128173	
583	     4	    427.5187463	   86.98	     5192.00	      155.00	   271	    22	       44.63	       13.50	   38.69	    51	      0.12	158720	153808	
584	     5	    427.6011739	   63.48	     2815.33	       82.33	   195	    19	       14.68	        8.31	   34.36	   107	      0.27	311533	161132	
585	     1	    427.6011779	   54.32	     3585.00	       53.33	   181	     9	       21.49	        8.27	   35.56	   338	      0.88	202280	117919	
586	     1	    427.6468189	   52.19	     2664.67	       76.00	    94	    15	       13.41	        7.39	   34.04	   339	      0.88	238182	194091	
587	     5	    427.6547309	   32.35	     3029.67	      428.67	    91	    21	        8.62	        4.65	   29.13	   108	      0.27	381447	156738	
588	     1	    427.6550569	   29.91	     5642.00	       93.00	   111	    16	       26.37	        5.99	   33.40	   340	      0.88	251479	  2197	
589	     1	    427.7128273	   33.57	     3143.00	       76.00	   119	    11	       15.72	        6.82	   33.99	   341	      0.88	197435	117919	
590	     1	    427.7334693	   61.34	     1810.00	       43.00	   122	     6	       15.16	       11.78	   38.46	   342	      0.88	193300	114990	
591	     1	    427.7736173	   49.74	     2562.33	       43.33	   171	     7	       18.94	       10.17	   37.38	   343	      0.88	204947	114990	
592	     1	    427.7914526	   40.28	     5364.67	      200.67	   162	    26	       27.41	        7.20	   34.17	   344	      0.88	185411	134765	
593	     1	    427.8039813	 1074.22	     9536.67	       94.00	   728	    16	      293.53	       74.43	   49.76	   345	      0.88	229568	194091	
594	     4	    427.8040183	   35.71	     2496.33	      252.00	   168	    35	       14.55	        7.87	   35.32	    52	      0.12	251807	155273	
595	     1	    427.8282066	   45.78	     1937.00	       17.33	    79	     3	       11.40	        8.37	   35.40	   346	      0.88	209084	114990	
596	     1	    427.8342529	   34.18	     1684.67	       51.67	    87	     7	        9.30	        7.12	   34.84	   347	      0.88	232825	134033	
597	     1	    427.9172856	   86.06	     8027.00	       46.33	   376	     7	       61.36	       11.16	   37.67	   348	      0.88	178937	114990	
598	     2	    427.9282019	   60.42	     9119.67	       81.00	   178	     5	       38.34	        6.85	   32.49	    84	      0.21	166775	 77636	
599	     5	    427.9283283	   34.79	     2810.00	      136.33	   128	    19	       13.61	        6.70	   33.71	   109	      0.27	279190	156738	
600	     1	    427.9293123	   34.48	     3714.00	       61.67	   110	     5	       22.24	        7.77	   35.55	   349	      0.88	148903	 46875	
601	     1	    427.9811886	   80.87	     7254.67	       78.00	   377	    14	       46.52	       10.58	   36.14	   350	      0.88	247743	114990	
602	     1	    428.0255766	  175.48	     5537.00	       84.33	   487	    12	      106.75	       31.20	   45.70	   351	      0.88	167562	114990	
603	     1	    428.0363109	   30.21	     1949.00	      380.33	   104	    34	       11.42	        7.71	   35.36	   352	      0.88	204357	114990	
604	     1	    428.0816899	   38.15	      744.67	       76.33	    54	    12	        4.72	        8.68	   36.05	   353	      0.88	249428	191894	
605	     5	    428.1216779	   47.00	     2688.67	      419.00	   232	    15	       17.72	        9.76	   36.39	   110	      0.27	306784	163330	
606	     1	    428.1220583	  111.39	     3915.33	       70.67	   227	    12	       32.18	       14.00	   38.30	   354	      0.88	185657	194091	
607	     1	    428.1458913	   32.65	     3535.67	      466.67	   130	    59	       17.12	        6.62	   33.71	   355	      0.88	215825	118652	
608	     1	    428.4008166	   36.32	     4546.67	       43.67	    74	     6	       19.22	        5.74	   32.53	   356	      0.88	209190	   732	
609	     5	    428.4682643	   39.06	     3436.33	      414.00	   110	    12	       11.51	        5.17	   30.54	   111	      0.27	360046	156738	
610	     2	    428.5552536	   66.22	     3842.67	      293.67	   242	     7	       27.53	       10.14	   37.10	    85	      0.21	225299	 76904	
611	     1	    428.5555143	  284.42	     6263.00	       94.33	   473	    17	       98.16	       29.14	   43.90	   357	      0.88	180709	134765	
612	     1	    428.5717613	   69.58	     5577.67	       46.67	   233	     9	       35.99	        9.51	   36.20	   358	      0.88	186892	113525	
613	     1	    428.6137533	  288.39	     6177.67	       94.67	   518	    17	      124.68	       38.28	   46.10	   359	      0.88	171492	134033	
614	     2	    428.6148746	   36.93	     9498.00	       37.00	   206	     7	       34.86	        5.84	   31.32	    86	      0.21	186992	 10986	
615	     5	    428.6148746	   96.13	     3745.00	       88.00	   368	    15	       43.44	       18.24	   41.29	   112	      0.27	223879	161132	
616	     1	    428.6387976	   53.10	     4448.33	       67.33	   165	     8	       27.32	        8.07	   35.77	   360	      0.88	198832	   732	
617	     1	    428.6778739	  747.07	    11176.67	      394.00	  1011	    63	      370.11	       66.34	   50.40	   361	      0.88	211565	137695	
618	     1	    428.7105493	   95.83	     3877.00	       41.67	   193	     6	       31.87	       13.54	   38.30	   362	      0.88	176298	114990	
619	     1	    428.7534599	   47.91	     3413.00	        1.33	   207	     1	       23.16	        9.73	   36.63	   363	      0.88	181442	117187	
620	     1	    428.8342766	   71.72	     2174.00	      105.33	   101	    20	       13.11	        9.95	   35.61	   364	      0.88	228852	194091	
621	     1	    428.8408746	   56.46	     4636.67	      199.00	   144	    27	       22.71	        7.30	   33.81	   365	      0.88	191127	   732	
622	     1	    428.8625373	   39.67	     2878.33	       83.33	   123	    11	       17.21	        8.32	   35.53	   366	      0.88	194778	120849	
623	     5	    428.8684713	   35.10	     2624.00	      498.33	   139	    55	       12.96	        6.76	   33.88	   113	      0.27	314314	153808	
624	     1	    429.0372763	   39.67	     1489.67	       27.33	    59	     4	        8.62	        8.00	   35.25	   367	      0.88	201862	114990	
625	     1	    429.1367316	   59.20	     1220.00	      103.00	    93	    19	        9.19	       11.27	   37.54	   368	      0.88	227086	191894	
626	     1	    429.1508029	  113.53	     4600.00	      495.67	   301	    32	       43.98	       15.11	   39.61	   369	      0.88	183982	114990	
