-0.00433252726808698	-0.00228978217945259	0.00888580879722960
-0.00285633482640220	0.000788499515190548	0.00331443578283150
0.00786252924737681	0.00447969015025410	-0.0105723585449131
-0.0129801406536145	0.00467536957291516	0.0106760642842168
-0.00237256003229686	-2.13193339370840e-05	0.00414824274926562
-0.00581847070440208	0.00369256985048055	0.00388386343563392
0.00515450209196075	0.00303043473568396	-0.00692360020310033
-0.00545382082323890	0.000901545086376134	0.00586047576563455
-0.00121722470573902	0.00450809547136185	-0.00177816131536326
-0.00130622466205966	-6.31135084756271e-05	0.00227254953086381
0.00236219229275630	-0.00240047663242737	0.00117935887195743
0.00335794432520187	0.000354851672037710	-0.00266509510706774
-0.00465056383817798	-0.00341078482004488	0.00959319922142727
0.00823020722151580	0.00211929963187392	-0.00929845102811207
-7.94310732539580e-05	-0.00291469504881974	0.00401699628491630
0.00808825701797732	0.000342502839511800	-0.00724105434300822
0.000353125013197615	0.00355924495687122	-0.00310399930966539
0.00171603504602084	-0.00361218018572479	0.00388767247201008
0.00696560984757299	-0.00698135188142292	0.00184081904383222
0.00235590643195634	0.000502697303049529	-0.00143962268656087
0.00236925186399475	0.00230997557969870	-0.00340491669682244
0.00786023058278280	0.000434509887862729	-0.00680284124524328
0.00241094893082486	-0.00618338875898758	0.00522851459196993
-0.000690622773202385	0.00165515852381494	0.00116628288304874
0.00124971313318705	-0.00768827559584918	0.00852771525490303
0.00105346878390292	-0.00216236978590811	0.00192311132344841
0.00288855671222013	-0.000218641310347535	-0.00167167627163001
-0.00767339712224502	-0.00501204599358473	0.0135755752599576
0.00399481927440316	-0.00209837854816741	-0.000244492832232441
0.00145970313376108	0.00132844675833082	-0.00128186751791453
4.98636736682034e-05	8.80159011062945e-05	0.00177873515505386
-0.00385909829292116	0.00185034345412608	0.00301270240261362
0.00894826017834711	-0.00516588617066900	-0.00223876181837470
0.0152627439428679	-0.00603394002053908	-0.00793549303192052
0.00866343229820581	-0.00133060699460394	-0.00670929180275693
-0.00505236842737701	0.000839779369245498	0.00549646321283587
0.000252368926829310	-0.00288963240028078	0.00413372648965875
0.00222279196365756	-0.00255819972939778	0.00111981931640916
-0.000752326309214689	-0.00110020036910721	0.00440792451085471
-0.00142007012070163	-6.16666128425492e-05	0.00256498839278164
-0.000845684098188282	0.000368222965599269	0.00183580874208352
-0.00144772350674058	0.00320930108749929	-0.000104265940663130
-0.00357473455891457	0.00411007783993283	0.000792470558784674
-0.00828679933117285	-0.00172629506219763	0.0107892552908615
0.00191133048223904	-0.00131971111598993	0.000990312186665305
0.000261526640422102	0.00237852150278318	-0.000961930532002307
0.00128519679078479	0.00258745705478248	-0.00194941236819833
0.0105868573426989	0.00168891852807738	-0.0108186541106739
0.000242425930396637	-0.000234399186186775	0.00216208945244634
0.00392870234127237	-0.00408668521293777	0.00170616311656940
-0.00927831411207686	0.000750180736934558	0.0103547451740421
0.00727294517588671	-0.00392528176711635	-0.00171737673038596
0.00265341691599125	0.00159787391199661	-0.00275185786794883
0.00704292740738789	-0.00473090414140813	-0.000929808700995805
0.00567794648485190	0.000558718078549323	-0.00425034911513085
0.00644692552273426	0.00318518902756229	-0.00786838457553565
-0.00551088645490637	0.00173845985646476	0.00451608063716789
0.000970693416784146	0.00106788502188423	-0.000871096418152532
-0.00186833789392148	0.000133637209337628	0.00317854731747339
0.00973442662332588	-0.00492157154750841	-0.00306862005170921
-0.000961051594097028	-0.000661277407490295	0.00178284463758478
-0.00366309784818441	0.000600738195080971	0.00346238452852515
-0.00385954104648901	0.00345923483279599	0.00135762851321762
0.000299587607430401	-0.000439872833073121	0.00172026770233870
0.00166028879294892	-0.000614927103004703	0.000850571058087649
0.00584652200099702	-0.000745011060559117	-0.00292520406806430
4.93660071779673e-05	0.00268357727735019	-0.00100647898371033
-0.00735640435633033	-0.000461080353096816	0.0101278702223704
0.00408432366337203	-0.00106957917971201	-0.00129848361163571
-0.00316907689934408	-0.00146169270928536	0.00681590581183124
-0.00326237910623061	0.00215604664541670	0.00306938474565365
0.00711923443684207	0.000717694273563626	-0.00702249845209129
-0.00617589221462094	0.00199583932358648	0.00521233965258569
0.00791616609917836	-0.00302607341603579	-0.00452493999335973
-0.000321403886346564	0.00210646523546377	0.000382707160871939
-0.00384242262588415	-0.00639574631573129	0.0115372178247653
-0.00189471746793166	0.00425607266594166	-0.00106194104948032
0.00265781845983742	-0.000970819656218275	-0.000105118623173236
-0.00410713040564796	0.00443648378709529	0.00110688119568018
0.00380820249769324	-0.000347540308640119	-0.00235343025365597
0.00129906336660569	0.00236028642344021	-0.00270162642831310
-0.00335539531981462	0.00307392419567181	0.00184540308333609
-0.00508731242307965	0.00254589418166963	0.00484434246168214
0.00245737751054919	-0.00258217802733956	0.00150498591489674
-0.00220701671814185	0.00155626510193836	0.00136926664363167
0.00385985555994436	-0.00284963398632747	-0.000682930461335130
0.00353389227086837	0.00171569000678662	-0.00397919833635317
0.00823601555845537	-0.00205806651733054	-0.00496846694061525
-0.00648345907024601	0.000380641787653154	0.00741672573517793
3.67966130793858e-05	-0.00560589632511913	0.00666980820102011
-0.00333725641192523	-0.00373214160357107	0.00923524286330567
0.00655458210131347	-0.00129440134183131	-0.00411940351041302
-0.000662718679327703	0.00199462501960489	-0.000811200631798152
0.00260040299985594	0.00133677155274446	-0.00241439472474418
-0.00847990558452866	-0.00295862579132055	0.0135775573565515
0.0146049262461839	-8.81244045202335e-07	-0.0135141199617593
-0.00143698208865425	-0.00365640354874016	0.00687611883083604
0.00183897094523757	0.00282539789506525	-0.00329268518083420
-0.00729675862128925	0.00628142253227812	0.00206366311611181
-0.000736287557674331	-0.00133284454942356	0.00283561201888446
-0.000225854875479336	0.000960516219292576	-0.000116975929007066
0.00301516173555469	-0.00117761457311562	-0.000713992932444140
0.00331413054976744	8.80434791761045e-05	-0.00211740358369098
0.00148586448260822	-0.00227195706948171	0.00292923338903654
-0.00324235654040941	-0.000837186954806437	0.00558441533308974
0.00828308661737322	0.00213144833866883	-0.00866751711712403
0.00607993536138590	0.00402281343640186	-0.00920985088122017
-0.00150890662392478	-0.000375543203501509	0.00320585618622438
-0.00382046428207363	0.000176442707839104	0.00499187977245702
0.00222276317926062	0.00353166261313293	-0.00425194299132012
0.00344737693629880	-0.000731782897213685	-0.000419332939398413
0.00300780949222583	0.00468150727390867	-0.00587303682274494
-0.00464063933938149	-0.00443625372634856	0.0100574601712035
0.00848040481372729	0.00332029678925197	-0.00979974099743363
0.000155758249929648	-0.00452372255120909	0.00570940695567341
-0.00199253783922762	-0.000879811829168720	0.00419408851918473
-0.00452320480927151	0.000423492286646184	0.00616803670731014
-0.0102214808715244	0.00134750687303330	0.0107580539825515
0.00390354698231953	0.00506461345991379	-0.00749920903906199
-0.00364561345768354	0.00183164754126278	0.00336670953998390
0.00522928604285472	0.000226578058537497	-0.00475481878909058
-0.00105865883094983	-0.000842461381985558	0.00335493286122870
-0.00407339945920241	0.00102480722611619	0.00387863184917812
0.00323609951191394	0.00256011896070162	-0.00386468400187904
0.00693805032985333	0.00251488620512210	-0.00763145401066978
0.000260663813735326	-0.00369121754499453	0.00482301370904721
-0.00275252148156366	0.00365199369554467	0.000894753652337272
-0.00189036130032259	0.000587115930956159	0.00225533495154717
0.00669750596239246	-0.00534428354790338	0.000269750077593551
-0.00128536598068291	0.000895883854506298	0.00129048279859400
0.00469739874762754	0.000934198837773728	-0.00474572577417511
0.00648599607014112	-0.00321572236039830	-0.00251440152240392
-0.00521875577948206	-0.000657647745219380	0.00741356759077941
0.000272849025726974	0.00133912576507549	0.000292510159199208
0.000817699121430416	-0.000506250651932233	0.00144999002783225
-0.00139997632375343	-0.00201721337415786	0.00462879508613159
-0.00665382629290040	-0.00152566470143933	0.00984915799220322
0.00350600578014365	-0.00105524445189689	-0.00136153650944513
-0.00185037928534142	-0.00456626755085905	0.00782141795326627
0.00138282854902452	-0.00132339108286336	0.000839714364487163
-0.00173979265391497	-0.00299364644812603	0.00700218775510903
-0.00300063061491862	-0.00399129614724895	0.00863974312255759
-0.00981581436523033	0.00421813828968662	0.00726684320270322
-0.000756995617995850	-0.00164579088692687	0.00363830448017070
0.00684900870082676	-0.000730637881428732	-0.00446290108147435
0.00176826191946510	0.00204556952268531	-0.00253142822726859
-0.00227688068618803	-0.00176147821363286	0.00496650079637792
0.00489929877588730	0.000201997006029963	-0.00433587940973182
0.00434542135125153	0.00161126680708036	-0.00493319701247909
0.00366032344829315	0.00306929013858921	-0.00556748823892071
-0.00267553294718024	0.00224075209166246	0.00153036827508155
-0.00811348213677204	0.00228725313409553	0.00694593719844256
-0.00368979571098580	0.00207321566916990	0.00357944288178978
0.0144442158060853	-0.000323847191409785	-0.0130424727672757
0.00480316228593150	-0.00240828287744026	-0.000932174235012095
0.00873604646159058	-0.000232796609324946	-0.00750621505396255
-0.00303652990476413	0.00271710101994510	0.00195453892199495
-0.000163230825768155	-0.00212142045390159	0.00286946337159518
0.00351142527334932	-0.00106861619579288	-0.00155712272274284
-0.00682932556707210	0.00322218722742586	0.00505971718097305
-0.00145678041754766	-0.00289678814627786	0.00588351723120236
0.00446182085632306	0.00347183736884896	-0.00643447551546913
0.00227954383315400	-0.000129316507667738	-0.00153639271184714
0.00222839784538141	0.00136923594238915	-0.00253352045589640
0.00593129431904097	-0.00190048852180530	-0.00269607328571911
-0.00229935312004927	0.00285074938558816	0.00105218171383454
0.00330002327229852	-0.000580505881335242	-0.000981664521282821
0.00320518540389560	-0.00159715917219383	-0.00108474525518074
-0.00367136921191985	0.00182000207356823	0.00275359222073375
0.0118294777572896	-0.00319924556901342	-0.00764860131130701
0.000732489778275587	0.00184181052124182	-0.000609761830543389
0.00428762429073788	-0.00214966727976914	-0.00142928321281005
-0.000454060704625512	0.00260621932739318	-0.000735859127105217
0.00403172868694685	-0.00398727173105134	0.00164118532962875
0.00624410823871378	-0.00418047777053223	-0.00184678796047919
0.00315358719533388	0.000734100371574694	-0.00188979279097071
-0.0139350511501800	-0.00192307264538584	0.0171517055744381
-0.00444231378254400	0.00353476593014157	0.00265559051616398
0.00229728822323094	-8.34770199682408e-05	-0.00119468589824475
-0.00401787889569503	0.00411162282757019	0.00111680139594567
0.00731678074525830	0.000868772721340637	-0.00728570586653340
0.00620893439166224	0.000414475694218590	-0.00576604389852601
-0.0100063492471482	0.00441191360759806	0.00639286413262749
-0.000165168675333969	-4.55236932343712e-05	0.00174427704141839
-0.00561287948248857	-0.00128645813550717	0.00774998699153462
-0.000782906459289558	-0.00137133053707914	0.00383293543186329
-0.00540215867737459	0.00567206500840169	0.000609226728771474
0.0111274572333554	0.00302114764750732	-0.0129486710663010
-0.0139166522289528	0.00556721221025665	0.00946309585555543
0.00359772475983332	-0.00110970970216947	-0.00164160798246710
-0.00358747842889235	0.000600290983337527	0.00450247480500744
0.00560618245063023	0.00217450749921463	-0.00626388018854166
-0.00575081436539352	-0.00139637567871645	0.00911306527132740
-0.000982002437720476	-0.00513580610813373	0.00705555158503555
-0.00558390567127891	-0.00150950756831675	0.00770646360365820
-0.00383396970135921	-0.00195470443661624	0.00686676489493535
-0.000115506029633633	0.00238243483544554	-0.000523197739686860
-0.00557167886127205	0.00104962546091033	0.00586674766614726
0.00610593280144896	-0.00278128654111406	-0.00213673261933586
0.00223760334736512	0.00612882351233195	-0.00662784647897640
0.00176507817588892	0.00467261174830025	-0.00449566288742697
0.00285924806166478	0.000592287475260651	-0.00310218059469313
0.00770215908481499	-0.00369009858344269	-0.00280175246384964
-0.00128176822725972	-0.00550502818327298	0.00772904018636696
0.00178187417749374	0.000723271267839864	-0.00131052600504767
0.00280341851009081	-0.00335916542630595	0.00171212684609881
0.00545881148368343	-0.00280207804083175	-0.00211956765219811
-0.00117226536391432	-0.000861932003497677	0.00325331444289621
0.00414800427823808	0.00267325832487986	-0.00508748488681558
0.00214308672438719	0.00555396165462242	-0.00683870251603774
0.00459426265409284	-0.000371205788258227	-0.00316586039845234
0.00677264338937767	-0.000850036880784803	-0.00398745332436294
-0.000721455344858269	-0.00156364419231408	0.00346954409290883
-0.00380104785520005	0.000371126584051326	0.00480671663925719
0.000343813793039083	0.00357387848655014	-0.00257336330272871
0.00129805021916612	0.00110774583509363	-0.00133132862277390
-0.00447698499890318	-0.00405403882678012	0.00960046171838138
0.00573369116602289	0.00291403308539575	-0.00683103804511568
-0.000665307512305378	0.000940927810094877	0.00123568566638700
-0.000562975764999622	-0.00331137305830418	0.00535880432685120
-0.00869795442997654	0.00180745445550253	0.00927753056267823
0.00163801504901830	-0.00282657716405222	0.00283253364483161
-0.000596672196151370	-0.00226320958589874	0.00396809747693084
-0.00249964225071779	0.000469116144600342	0.00326659607101908
-0.00810860321070993	0.00405847382835333	0.00497681296782326
0.00100952750969490	0.00589226533811124	-0.00578010687055447
0.00424841386782082	-0.000927497309568118	-0.00241838026928201
-0.00819906043679880	-0.000701030381434264	0.00970500074256245
0.00209697543698690	0.00320556255001674	-0.00372214369244738
0.00472223305967389	-0.00233012110240855	-0.00135153130229309
0.00188107207132560	0.000363337295017402	-0.00167903532881069
-0.00586938799870888	0.000475363313091041	0.00577722595068465
-0.00381439324955502	0.000160689432528025	0.00435317895889524
0.00288289006566489	-0.00371838551709274	0.00186146687885004
0.00826855971138872	-0.00168663354950045	-0.00556641327534340
-0.000986361920420002	-0.000609349948443734	0.00235830564430590
0.00150293269433552	0.000792493096170326	-0.00121468045715620
0.00321564212058169	-0.00396702916377850	0.00202341126540919
0.00474168229624272	0.00255247308824670	-0.00553676909877633
0.00316921804493692	0.00289524105495723	-0.00425616109498923
0.00947531078039004	-0.000958193127174656	-0.00606707532253594
0.00336721488266157	-0.00103318701316790	-0.000858018785828642
-0.00257763414452584	-0.00385402534666044	0.00771134575026255
0.00795979461868472	0.00397278457766302	-0.0105209128470765
-0.00292704742166642	0.000469465041396578	0.00357483423714931
-0.000218966843276798	7.61440355952608e-05	0.00156873366785397
0.00288340770265520	0.000255314043269579	-0.000770335821315698
-0.00291707098889438	-0.00447172250895195	0.0100083557816193
0.00621255257926182	-0.000522061261314309	-0.00435920199591879
-0.00536895682898515	0.00406934016135385	0.00240575139200276
0.00777070478284751	0.00359685659043571	-0.00992715488660238
0.00676389114695748	-0.00129173259305424	-0.00400102248061490
-0.00379025739940944	0.00285230485872341	0.00281866374609118
0.00348000906832074	-0.00279158602686810	0.000736999768107277
-0.00303520613196122	-0.00307509570273332	0.00766018996243594
-0.00123391954279026	-0.00173656645682229	0.00547235182936298
0.0108885549179172	0.00345388327704388	-0.0123803027220154
0.00309510847160085	3.27861433968356e-05	-0.00263644341565332
0.00137350736988562	0.00203996220513217	-0.00282061105902553
0.00656415154953040	-0.00405307790493988	-0.00204883612882959
0.00577334651639575	-0.00201472202097271	-0.00254363962083374
-0.0101951113432786	0.00143160960015432	0.00984476993791937
0.00445517019439394	-0.00183448432758731	-0.000891567999451867
0.0153621547192437	-0.00453380993798595	-0.00895141982339564
-0.00884985809097266	0.00112637564124065	0.00885381352683268
0.000353936184478496	0.00357681176320459	-0.00196285433113935
0.00407972494817455	-0.00337937485631519	0.000848428212594334
0.00597278758561969	0.00311397821512608	-0.00743269402098969
0.000336278889015477	0.000537102439936042	0.000821263785302843
0.00558183802976097	-0.00363124490201204	-0.00141956989918997
-0.000657702768812373	0.000521625311157613	0.00196316079785179
0.00298113450957782	-6.81226208160946e-05	-0.00178707751181339
-0.00371119396105397	-0.000795883028710762	0.00690964805170423
0.00930975914847716	0.00585029827685575	-0.0141331484974648
0.000573460896415980	8.86990928444420e-05	0.000505064351682039
-0.00568408235701308	0.00438541364934465	0.00257314167619589
0.00622217848034734	-0.00653110975506194	0.00199731292852963
0.00315089687036554	-0.00362662140574221	0.00287597878932622
-4.20745299245240e-05	-0.00203385544966423	0.00430121974542358
0.0137065387879568	0.00211106231106385	-0.0142724746842847
0.00725300081496308	0.00227585783841619	-0.00812267340096072
0.00193746969021519	0.00448790014231989	-0.00604607406275480
-0.000986204362274702	-0.00106390500992579	0.00332485415832059
0.00808874372441542	-0.00310803315540250	-0.00391497816132062
0.000865938374296369	0.00514679909810026	-0.00421799691577236
0.00665749053292726	-0.00599373152124981	0.000934911312752433
-0.00280428757774951	-0.000879459850215903	0.00475901821861244
0.00830330481211214	-0.000432067046923845	-0.00640969382642833
0.0127061687534264	-0.00220171683768856	-0.00937379312251581
0.00550453903695159	0.00177609955175499	-0.00509731160900485
-0.000774317359665626	-0.00345189780859284	0.00470483296885977
-0.000768584012577978	-0.00219840828317323	0.00445767772879374
0.00206181299159989	0.000393187882971392	-0.00160067447153308
0.00508530705464491	0.00146707577554063	-0.00509310847843877
-0.00265814349826836	0.00304627151559404	0.000521952494071472
-0.00344674429040246	-0.00122709564445716	0.00549386823728271
0.00657954557015368	-0.00361687751647171	-0.00136387676564812
0.000729682943187792	-0.00200718949475765	0.00196790539612749
0.00203064835308717	-0.00201521808938680	0.00103909818415058
-0.000723923815691076	-0.00239385232599873	0.00482790602946061
-0.00118382950009310	-0.00332961761590337	0.00596942518012624
-0.00539922147269877	-9.37306656419298e-05	0.00767812495304330
0.00213346001978343	-0.00147359061884739	-0.000226421711385025
-0.0116258019793785	0.000814329569244301	0.0121065448532297
-0.00133303765654698	9.95656808837784e-05	0.00226766955674900
-0.00528436782909406	0.00204563818617837	0.00457599701187915
0.000661935174340936	0.00338133021647442	-0.00228908471337032
0.00776279720749703	-0.000498396184842806	-0.00622733012806622
-0.000215013809552274	0.00180850273707882	-0.000556826929432574
-0.000668971731947355	0.00516301566948613	-0.00230843237039628
1.39037818286975e-05	0.00150654597156897	0.000197368038571519
-0.000826565388667832	-0.00424639562996892	0.00573168450665728
-0.00549242266283687	0.00211480035788250	0.00451210693092535
-0.00149604672802320	-0.00164084971135283	0.00365095449694863
-0.00455673710753939	-0.000164048050148693	0.00597532779480698
0.00377293902706573	0.00449947032183112	-0.00640170927857474
0.00286943211062813	-0.00154198835024540	-9.42653220227610e-05
0.00220894939789653	-0.00291713881965960	0.00244066480804146
-0.000361415506107146	-0.00175990736536441	0.00344096477876804
-0.00576434950186469	-0.00514107621684480	0.0127801031268520
0.00576186933184940	-0.00240615933797376	-0.00218717621903129
0.00249219940606311	0.00849461497294088	-0.0103900071929952
0.00516900491136982	-0.00301685097374242	-0.000554109722089588
-0.00487662993438961	0.00123447791564308	0.00535945460006273
-0.00239733006324461	-0.00396099580893750	0.00821834176102542
0.00148032110354467	-0.00247769667952744	0.00273926775241075
-0.00178222948914200	0.00176154378544803	0.00119532372824733
-0.000520343678747208	0.00357257306414482	-0.00206585195418639
0.00656613671476017	0.00525865758003217	-0.0103189325278414
-2.97020360267126e-05	0.00145801388925327	-0.000776103671140601
0.000524701935100555	0.000144055041660231	9.14945139098107e-05
0.000753275052160492	-0.00102597420999800	0.00134307672915832
0.00910824828906456	0.000694108634935791	-0.00829687116374979
-0.0127725584897561	-0.00133582201386888	0.0157649398163509
0.00879299595268278	-0.00483953521054969	-0.00305638689210858
-0.00806282931580994	-0.00544550462381580	0.0150293825259421
0.00128127354324056	-0.000623013798665156	0.000829459278152156
0.00291405308625282	0.00243140307780790	-0.00395993406561423
-0.0101515554564510	0.00196008949517615	0.00942202514193919
0.00459327847625714	-0.00401619951369909	0.000618708457188281
-0.00398066817366894	-0.000643595767844625	0.00539327506299426
-0.00471836692240032	0.00264488564056410	0.00323755767046123
-0.000228440869713079	0.00150822373979529	0.000325395620194704
-0.00247003377494173	-0.00137936288081287	0.00567838732719132
-0.00539393629488024	-0.00547524482343940	0.0133133231462606
-0.000539964421884266	0.000382532569979811	0.000772278400583608
0.00503040169349604	-0.00139534048400490	-0.00243371872091937
-0.00373242975846495	0.000152976704436591	0.00484809170360128
-0.00515687416006393	0.00183231142417233	0.00423030305208962
-0.00814378431730108	0.00340679078542894	0.00632909355380481
0.00114765200292844	-0.00321288257720632	0.00328932076119030
0.000654958391437728	-0.00210522728509615	0.00364356106447359
0.00269133622638765	-0.00647639895314475	0.00554031113634690
-0.00221809210655809	0.00224724209103450	0.00123502154055235
0.00380597330846934	-0.000544775515782713	-0.00218769503553837
0.00171637309727339	0.00640245683108065	-0.00745374204458392
0.0113647317357728	0.00133125074555286	-0.0115637952145949
0.00136486490229233	-0.00188066851989701	0.00163704083189036
-0.00144168227631113	-5.12100570931294e-05	0.00261650124698280
0.00420060237010582	0.00621921986227944	-0.00924790023676854
-0.00347350860332695	-0.00404814394372631	0.00880126887271379
0.00273430765270988	0.00158188223981337	-0.00307334521095233
0.00937411789083507	-0.00238572902051463	-0.00572726693258328
0.00696179058143310	0.000497840584024151	-0.00618624967186030
0.00470549982831432	0.000779144069653525	-0.00400081412563329
0.00492592764718198	-0.00130153994920724	-0.00168883154811938
-0.0111550609480574	0.00134615103908870	0.0109958626486965
-0.00917797901550483	-0.00323601369859377	0.0131917137024857
0.0116065712752476	0.00257158416566666	-0.0118030029407381
-0.000345192669861219	0.00328307622206855	-0.00111667752393549
-0.00414169218816875	-0.00296173319729925	0.00819267157434957
0.0100262189093430	0.00107333273234540	-0.00926289379475107
0.00407861389528547	7.50392824151948e-05	-0.00274229169643017
0.00144931808744491	-0.00241373775007499	0.00309120385130039
-0.00116280052831887	0.00130615352775105	0.00153858006603816
0.00599342685745614	-0.00140118549596534	-0.00296612226645127
-0.00495648089904522	-0.00150854177216452	0.00731317568733986
0.00119916705945129	-9.44005982516625e-05	-7.86537005519352e-05
-0.00183060139092698	0.00464586859484282	-0.00163678792404118
0.00702521415353806	0.00368570601039505	-0.00970959762659832
-0.00100165993883115	-0.000570833441288106	0.00354752412126324
0.000324741242923502	0.000599479984242988	-0.000248392088435028
0.000177537005641978	0.00455081569282466	-0.00345707249768132
-0.00705163891283321	0.00340782292854377	0.00533956100634091
0.00789242470069916	-0.00570003998013406	-0.000795996217180503
-0.00176128993881617	0.00102264430894611	0.00198701896034684
-0.0121934971881121	-0.00129587989218674	0.0143319212685851
-0.00274372201320111	0.00633959197801412	-0.00278136465514519
-0.00877565368499294	0.00425026582918146	0.00518988306562437
0.000848310244306492	-5.02092975089022e-05	-1.46830412727423e-05
0.00153479384460281	-0.00321158392644077	0.00261507841072198
0.000927940498510015	-0.00363420681131327	0.00412173577121569
2.68432504585440e-05	0.00166760988019065	-0.000275142494981265
-0.00714778064475903	0.00109829379618836	0.00743627214634952
-0.00303678252148848	-0.000677644986247731	0.00486743064023734
0.00879625818535473	0.00260566997415125	-0.00974519194416825
-0.00343548872950061	0.00169111808198021	0.00250704630985553
-0.0101404465155331	-0.000871598355023956	0.0124276614584382
-0.00542426359129473	0.00279120320340599	0.00304039512081049
0.00411906480655397	-0.000441886227024925	-0.00161987917292561
0.0105393304056506	6.95091745929939e-05	-0.00927993047727487
0.0103732877872764	-0.00412921074680870	-0.00478831066688444
0.00254153339112646	-0.00342258041737661	0.00281529897475986
0.00283687114022444	-0.000419820652588306	-0.00153222018482390
-0.00132401280189955	-0.00620991578030948	0.00877702008913885
0.0103391925747522	-0.000582474930703840	-0.00791802560699770
0.00693751388645981	-0.00196628432646903	-0.00414474877048501
-0.0158998033782061	0.00487441176969453	0.0121878490360203
0.00980013493814644	0.000233259201418374	-0.00857051785925951
-0.00372773485411332	0.00174278647891203	0.00332305825486927
0.000446386327730348	-0.00116448583298850	0.00249452639397469
-0.000687486713033556	0.00319298009266725	-0.000908753702537069
-0.00426077954756945	-0.00263288121700822	0.00881374182509006
-0.00892287419429340	0.00336705523386063	0.00743424928874317
0.00612579363814654	-0.00218185305855427	-0.00224671243552627
0.00841934995805186	-0.00379351572736025	-0.00328956273210438
0.00132898240963910	-0.00292613340471487	0.00339790243276156
0.00198151792197939	0.00638074569172240	-0.00713255175506557
0.00901164717782681	-0.00494627085312662	-0.00226937604282732
-0.00339129711793599	0.000175123807991539	0.00514875400313398
-0.000403292640101156	0.00432739890831337	-0.00181540618887334
0.00506205577894248	0.00259405936778016	-0.00619903395219788
-0.000389858957173447	0.00356521088386472	-0.000856400414369354
-0.00809005241739879	0.00557765542131606	0.00293441442258194
-5.38909499386243e-05	0.00282503114951779	-0.00173538817503138
0.00388653841913191	0.00316297160588164	-0.00603683986793548
0.00160060406522568	-0.000216664338029801	0.000359695218296225
-0.0140062968881416	9.28763734616960e-05	0.0157676670352502
-0.00635798129584633	0.00173787489688215	0.00578036818173241
0.00825506959823300	-0.00271658417004108	-0.00399662644722701
-0.00387723116453898	0.00554075853797362	-0.000567223036705460
-4.28640004012747e-05	-0.00278042192228771	0.00503603810465228
-0.00465649828931402	0.00305194656079585	0.00298896750375126
0.00654395345955919	0.00110800338273257	-0.00668428613136201
0.000345840263241781	-0.00207342116256163	0.00321505860335036
-0.00831857125692150	0.00379422735584513	0.00632747128165548
0.00332194803325265	0.00452051133996920	-0.00615446444705493
7.08854580264423e-05	0.000436420989286542	0.000862889473497679
0.00769716800562841	-0.00298634985334235	-0.00370633369090124
-0.00186320910527197	-0.000735177527959312	0.00331065557283878
-0.000285443436194020	0.00347049802439647	-0.00208652886045975
-0.00431335545736748	-7.80071558397408e-05	0.00537772620564542
-0.000716253593848537	0.00332562407313652	-0.00191370110212468
0.00188512804579553	-0.000721261209436817	0.000371646281637608
-0.00796516559723025	0.00314531916744447	0.00637828779624189
0.00666297042598665	0.00153244871209664	-0.00649860664594786
-0.00157493703906937	-0.000432153915787810	0.00425209006923709
-0.00349696663084595	-0.000676469334678209	0.00557840115442502
-0.00250584878591754	-0.00171017136730488	0.00503708309707440
-0.00135774193556595	0.00453426126314227	-0.00157442353923071
7.84274780615780e-06	-0.00269822308549024	0.00339983868613224
0.00241888080389068	0.00158434905908683	-0.00219683039228443
0.00135394501084318	0.00222989238233785	-0.00178000691769209
0.00279873613408449	0.00180749284517377	-0.00378965306813586
0.00508576314660073	-0.00227413067560934	-0.00224845860354042
0.00681922060032407	-0.000952637165467768	-0.00467606782781921
0.00298790290638839	0.00125024565206673	-0.00234134949377829
-0.00316299782530505	-0.00177974740970590	0.00677713417534358
-0.00101301621728536	0.00326126275004923	-0.000126035836480221
0.00115098019423210	-0.00201140305455548	0.00286025494545997
-0.00663109327709127	0.000718247245778263	0.00786718316245318
0.00478804723836846	-0.00275057963888072	-0.000610696462166724
-0.00864674652307413	0.00212747048331396	0.00768738317996802
-0.00589422749373108	-6.98109082173800e-05	0.00727083536072537
-0.0108654793056601	-0.00214535927025251	0.0139100625468599
0.00548768689746019	-0.00594619875794399	0.00255484501147002
0.00436731895822721	-0.00416212877740091	0.00200744908489169
-0.00199877167238533	-0.00113053753461771	0.00392373539037942
0.00140646242736917	-0.00390975381884691	0.00369433296136357
0.0101255851004022	-0.000446266917241605	-0.00860783536482866
-0.00370869496262773	0.000714423939598851	0.00485908914930337
0.00258090947436292	-0.000886424493699926	-0.000673134163027485
-0.00246306890236390	0.00208690018209076	0.00262753736720709
-0.00649100643712105	-0.00432320640669762	0.0123204340255958
0.00272909248064095	-0.00222157937429395	0.00113502824453450
0.00867149764186703	-0.000282650768313177	-0.00693555550099234
-0.00199959520819234	0.00219938914588864	0.00142560870942277
-0.000117687142417178	0.000302658152933749	0.000841382940726807
0.0135401453440172	0.00293743407739132	-0.0153537484561330
-0.000476654021876686	0.00143473412508813	0.000127055021883530
0.00250843174693045	0.00142339242871951	-0.00263688909988080
-0.00210676198313238	-0.000976814682135925	0.00372340531853048
-0.000734829227412566	0.00214046134226266	0.000505884155822875
0.00109766473172348	-0.00165139372359831	0.00134396792246925
0.000908125504265405	-0.00272421070442117	0.00286529325493842
-0.00552443740887533	-6.82903166321766e-05	0.00691575082585270
0.00210118874867559	0.00363190067009236	-0.00394047149330489
-0.00946220354890896	-0.00214126961793749	0.0122295496515182
-0.00581624119948863	0.000662063566162980	0.00669287402914669
-0.00374718627368778	0.00256148307078219	0.00270191572746633
0.00115005875143919	-0.00145547041586276	0.00189087027258595
-0.00473444159194863	-0.000960378143160382	0.00742304679486348
-2.95142802861123e-05	-0.00338295869760287	0.00443181256892041
-5.09036748734662e-05	0.00180955833153739	-0.00119901551297425
-0.00151108920230908	-0.00283820337614907	0.00587383668038950
6.22607117090773e-06	-0.00278319094241728	0.00438036074319750
0.00597317616981906	-0.00143819470300919	-0.00350234990006166
0.000804310016040250	0.00207316684068619	-0.00156493928033928
0.00708319487648056	0.00263323608120043	-0.00787514468928670
0.00526793790819715	-0.00235989687678109	-0.00111989536627238
0.00741940343915333	0.00216601651562673	-0.00763115146867648
-0.00544103780659430	-0.00256808255999904	0.00986642626643215
0.0117183511102322	0.00130032571295128	-0.0112820037755119
0.00657920983912565	0.00102526646539042	-0.00640343624123655
0.00586839450023269	0.00312744245396006	-0.00685688610648138
-0.00271015329362885	0.00297803808397804	0.00131912720934382
0.00482548100509343	0.000496987518914708	-0.00331255805192384
0.000599434312506345	0.000286907183892784	0.000699326453184304
-0.000112178883561213	0.000862271469420996	0.000582621487020323
0.00152717228126224	0.00273304473461995	-0.00351368351822095
-0.00402690665892728	0.00294452607740040	0.00189677096847508
0.00503302209985330	-0.00171408050617756	-0.00145193957503817
0.00328779997587080	-0.00104790355678273	-0.000777310418691998
-0.00294985080628072	0.00314547511289737	0.00127960460460334
0.00578399088719688	-0.00225622651212764	-0.00312881244669311
0.0101239015306324	-0.000950657437920350	-0.00733014632976193
-0.00210747644676012	0.000757640312108030	0.00380737189843478
0.00597253924865112	0.00123333126746504	-0.00669300116584260
0.00707684829001055	-0.00596341227033753	-0.000742651895870771
-0.0102860043468283	0.00428728171090656	0.00781496568455397
6.16527884693780e-05	0.00250378071360294	-0.00173593752954035
-0.00654133726252735	0.000525270050816192	0.00699229445118045
0.00274683677850067	-0.00545932770351424	0.00321549346544869
0.00440594977025938	-0.00346590619748117	0.000151910143766099
-0.00274225662986329	0.00241720526429207	0.00161979262377195
0.000878904238706957	0.000591324593129145	0.000153349504899966
0.00948518469686681	-0.00390946605746852	-0.00516379424710120
-0.000683416531671351	0.000967107671217341	0.000998860064467832
-0.00414129860486612	0.00212984521090819	0.00379091607937446
-0.000409367548186460	-0.00499564326736878	0.00679539668077657
-0.00269287715593957	0.00412227322988857	0.000272509189525576
0.0164987025376373	-0.000102562598871220	-0.0156047532229351
0.00431285985740892	3.43604952000216e-05	-0.00391078285700466
-0.00134591077046381	0.00300896580659479	-0.000901702208634565
0.00156999858892087	-0.00423858357727803	0.00517576987268622
0.0100647934522630	-0.00210238638089946	-0.00711867278384234
2.47219131933613e-06	0.00349116940582588	-0.00224025117031029
-0.00499974639075020	0.00444921027471095	0.00163252838717188
-0.00543803297762139	0.00476705115881988	0.00245934416020553
-0.00106152213332599	0.00367577590226495	-0.000967119434973869
-0.00182411392982798	-0.00110235296198443	0.00306976305194417
-0.0123153846967239	0.00260982947415036	0.0110115972567504
0.000500541131117091	-0.00211107206398029	0.00292316152045540
0.000338224623169376	-0.00299302233349974	0.00449411406024447
0.00551856792966894	-0.00170571394486416	-0.00211456574438704
0.00572495654429311	-0.00607176669987420	0.00203855981140397
-0.00283606748978996	0.00257833765662609	0.00148134033166299
0.00105982609048082	-0.00389823215730960	0.00385628095989766
0.0113197460366440	-0.00329127091852964	-0.00730090940406475
0.000618897348315891	0.00170095291286584	-0.000997305899912048
-0.00297790574575300	-0.000799200830806232	0.00557575955155272
-0.000790657134152309	-0.00320135922864563	0.00557360191354202
-0.00816080947013211	0.00102948130582068	0.00885572807172767
-0.00577262659465737	-0.000163740257934186	0.00773757737625326
0.000439941861895343	0.00227896501237405	-0.00122612384369967
0.00105336897696874	-0.000133144719216858	0.000907872951793978
0.000109411502123822	0.00363662964686842	-0.00213485905008255
0.00562303796072920	-0.000790447904933325	-0.00327818015143636
-6.34266369506239e-05	-0.00427070398717786	0.00604319204243793
-0.00275080793817197	0.00289984292001470	0.00161850394332617
-0.00369020839852674	0.000617291028178346	0.00441001191238260
-0.00669826892830079	0.000702752336445421	0.00731386374032047
-0.00324004120541705	-0.00104971906182217	0.00597329134391161
-0.0115124108421379	0.000732262437033972	0.0122511565719751
-0.000518633619523916	-0.00683008366691694	0.00926764869546538
-0.00643914443438148	0.00157534418766702	0.00724873079443843
-0.00622775661481459	0.00420388033275611	0.00374118572141089
0.00633711807000498	0.000751306791413075	-0.00622792501631336
0.00930977280866630	-0.00513190217184175	-0.00296422264349385
-0.00209877140820895	0.00115485644776919	0.00224446136783760
-0.00421978676833838	0.00320569145005765	0.00298610726269822
0.00629727211761927	-0.00127990039184094	-0.00401076543779705
-0.00475125034609419	0.000651203568619780	0.00570047663368271
0.0111455093846875	-0.00549475050963281	-0.00410458698382554
-0.00204550467206100	0.00190301363331572	0.000880904693014605
0.00501680782523778	0.00759550863031375	-0.0117447658486643
0.00222990395403040	0.00349380101791578	-0.00502168930795676
0.00319095172877937	0.00329857465291889	-0.00471638769876673
-0.00110466672147647	0.00444361948651355	-0.00242328922471037
0.00298509086775970	-0.00290135450967878	0.000241580946381704
-0.00321085722848857	0.00304607087663995	0.000641431411949057
-0.00501594406217574	-0.00436220374555223	0.0102319559487087
0.00422541451099901	-0.00197238992808613	-0.00119281102573117
-0.000944950532469784	1.75542056942211e-05	0.00160889675800880
-0.000235840662175034	0.00319862015836691	-0.00138840301919641
-0.00518645619525065	0.00287823531751177	0.00423450995644267
-0.0124175865875555	-0.00335855048968097	0.0175094343112946
-0.00965152785106334	0.00113771184389761	0.00977603298872834
0.00105245841789483	0.00145271969486836	-0.000314909961844435
0.0120835719013937	-0.00251704272559049	-0.00822711049176125
-0.00575109435324016	-0.000403631864525066	0.00767328126686180
-0.00136716534101497	0.000784782118811690	0.00231002721371357
-0.00110795598127581	0.000664860858168343	0.00175722680167012
-0.00153024693822367	-0.000149817245735922	0.00298211372934423
-0.00594421783058876	-0.00404870450464795	0.0107055426630484
-0.00401231415354381	0.00580951616925445	0.000183686234454461
-0.00398934649927080	-0.00165560957998742	0.00638380503346358
0.00328169637043336	-0.000755855180099210	-0.00206928971040654
-0.000137315029119575	0.00428074197543324	-0.00312760566132452
-0.000631341274345608	-0.00349216172909735	0.00493634209718227
-0.00990108119575742	-0.00547763545916013	0.0168300381424895
0.00355849942752093	0.00181113823730281	-0.00332334713154835
-0.00644077876171002	0.000866756295007665	0.00743768280388053
0.00802993288489101	-0.000400787414991063	-0.00652541463705640
-0.00280070759546774	1.27464401666268e-05	0.00448685794117309
0.00723045777649936	0.00286035669721281	-0.00863949965349596
0.00455759513455634	0.00424644133704842	-0.00708771884716298
0.000142954257406003	0.00380367358127671	-0.00231843220473542
-0.00457010136119026	0.00225855518439592	0.00270820349663350
-0.00987785401824832	-0.00274167730261709	0.0141597371123194
-0.00363349412315476	0.00187425559474352	0.00230209012322923
-0.00310788430214846	-0.000115131042795113	0.00421530502317027
-0.00318116127269667	0.00112381934660870	0.00277717594138383
0.00361597433651969	0.00166507043983362	-0.00415478104436346
0.00722081891104458	-0.00100666209110026	-0.00574205636010720
0.00241264347526825	-0.000882689904662578	-0.000512597854204837
0.000636857298178751	-0.00436332870731753	0.00413169519890910
0.00198673018394889	0.00175969561934252	-0.00173493786406628
-0.00448754450539533	-0.00102074769060681	0.00722762267500529
0.00260559639475411	-0.00119812169642799	0.000189832643406323
0.00992645570518923	0.00212240614440727	-0.0111440336943675
0.00723782382986648	0.000581458482136776	-0.00677404611738297
-0.000708884965813499	0.00440408358703047	-0.00265215885457606
0.00576855411558588	0.000124659765225908	-0.00434614506173060
-0.00802694324327050	0.000282127603003628	0.00894308033611206
0.000503868633859051	0.000956186009532737	-0.000496399857951506
-0.0101385189559639	0.00196607132003163	0.00961967606270516
-0.00244372816622527	0.00292124048150826	0.000373702202006600
0.00320148393317444	-0.000496052433632056	-0.00136411183444209
0.00300665158806097	-0.000162173233217135	-0.000888700346118190
0.00459728501130663	-0.000966818059370507	-0.00158263415449460
0.00871456744475352	-0.00451485490698673	-0.00324494250514893
-0.00401050019242368	-3.67322325415787e-05	0.00612755782798977
-0.00686930773684588	0.00276111638879932	0.00523879807704061
0.00678950123641247	-0.000950981083258705	-0.00399442624248239
-0.00418613084033337	0.000323876486508427	0.00592444671363269
-0.00515559169870498	0.00169155315778359	0.00496230076671943
0.00310136942726295	-3.02307955171526e-05	-0.00224446596239835
0.00110980791456564	-0.00467558618957132	0.00569222484557433
0.00411090520929911	0.00107120811430741	-0.00371134382929665
0.00301510979131817	-0.00231314970274577	0.000207427513305748
0.00330843095774261	-0.00253382285808147	0.000663947625789556
0.000929056416408207	-0.00113498162445526	0.00197158842735649
0.00464396635332164	-0.000520283401028447	-0.00320447812243727
-0.00206035355786410	0.00327033820484839	0.000251260181582720
-0.00594446480136097	0.00172853882464899	0.00515545241437398
0.00170557210359925	-0.00452515565981825	0.00413598639103043
-0.00204212083212037	-0.00173299409341371	0.00581675823078437
0.00315552980218486	0.000559562198840889	-0.00205789275888092
0.00306002831297633	0.00517736498509643	-0.00692406710036978
-0.00625036202896577	0.00546108444011894	0.00191310937971991
0.00135094794180247	-0.00548336443578979	0.00462940433860904
0.00608254077352720	-0.00245931195627712	-0.00236362355651741
0.00190436243098132	0.00676833673934847	-0.00804511992609858
5.11195224946316e-05	-0.00106829038289507	0.00216917576134917
-0.00478718430300909	0.000623087508106317	0.00429544458848954
-0.00852776765569753	-0.00304900970240938	0.0126949624916685
0.00458440634832556	-0.000374654151603580	-0.00336004106141825
0.00787810717438882	-0.00432931261365408	-0.00241396107104304
0.00157265647460275	-0.00233396736606209	0.00305017848822432
0.00232866325156326	0.00303825690524283	-0.00471020076011761
0.00368845592549767	0.000438404634954924	-0.00223728091751339
0.00785646856571769	0.00133354503408258	-0.00878726617311901
0.00274492785262097	-0.00207187332286766	0.000802763032034768
0.00386341071108711	0.00249774971806306	-0.00593129206309068
0.00341547057895629	0.00278030272225691	-0.00540349785718856
0.00862954196759488	-0.00539008761206087	-0.00175837172756871
0.000688292470296755	0.00411454880630294	-0.00450032677414603
-0.00883868555318500	0.00246789302075315	0.00819156511125148
0.00581945138944795	0.00228784331662588	-0.00736731575872240
-0.00577956041737689	0.00343908193210109	0.00460221699496595
-0.0117637818237534	0.00274649552027273	0.0106065660752003
0.00900899458090960	-0.00143520304597309	-0.00676242940244851
-0.00333884149003116	-0.000759604320917369	0.00525721261006165
0.00118591170017328	-0.00188350644390123	0.00283123595726055
-0.00283976725661123	0.00526694203530798	-0.00155176283485138
2.90853288169573e-05	0.000901832222139040	2.59684486240992e-05
-0.00207735826257550	0.00659901503130109	-0.00334673756389160
-0.00474426790981137	0.00467571554139476	0.00138363264531322
0.00973405820108393	-0.00257005419778598	-0.00647821763704409
0.00716674525883824	-0.00185218633050042	-0.00423431967206298
-0.000158316646369645	0.00279213344269089	-0.00161512864873291
0.00904155582789207	0.000481656859530563	-0.00877697058021054
0.00747464499118720	-0.000728778087514198	-0.00563635709211249
-0.00710093383096804	-0.000360580610504663	0.00907625244922814
-0.000206281673235392	-0.00314826182846259	0.00365873312511760
0.000722204233382932	-0.00234282245521482	0.00263654899885172
0.00207204192011029	-0.00228051568269942	0.00161843113174549
-0.00554504173644679	0.00386434224537234	0.00322017309231194
-0.0140966413499189	0.00237521127855874	0.0127907185867820
0.00616741832609432	-0.00258107008731923	-0.00188645420381382
0.00449467024756052	0.00272495834392987	-0.00557472557224662
-0.00847092270899697	0.00287283467562772	0.00767238914385098
-0.00555652435411464	-0.00335125455198219	0.0103518791739976
-0.0104253230319666	0.00535054914597981	0.00745620887359119
0.00255539127059867	0.000619911905694547	-0.00225545657241168
0.00218455627841385	-0.00241841269110260	0.00126151803687494
0.00375262465624383	-0.000294271120017474	-0.00227303243688940
-0.00739058815925461	-0.00341406755136281	0.0122784828034578
0.00787453279656666	0.00147856116659601	-0.00861826534660677
0.00561099117021097	-0.00332186740357475	-0.000519029204516611
0.00346622836406093	0.00153704024530907	-0.00314979199852243
0.00145917453032089	0.000701263796894215	-0.000777511989204518
0.00272516328426469	-0.00155601379227620	0.000116117565459195
-0.00274081036478129	0.00120666576129896	0.00363890600922261
0.00315907728844828	-0.00181556572001426	0.000667394029923421
0.00544330837186934	-0.00278447450933563	-0.00114531742983990
0.00383364859485053	-0.00345317419456696	0.000385143407723545
-0.00176359682628054	0.00388922029239855	-0.000712478118053953
-0.000595986269043593	-0.000334623400794378	0.00254439518996496
0.00274658650271123	-0.00146716032566284	0.000181994530222231
-0.00150666570807914	-0.00303054796038656	0.00541907338494945
-0.00248458562265193	-0.00226236638230839	0.00720787866490653
0.00500042241264586	0.00163302009828205	-0.00618406837199955
0.00246413467001554	0.00323220144228115	-0.00302951212684512
-0.00198079327754955	0.00415989657803832	-0.00113459218374065
-0.00448469720444701	-0.00124998433034579	0.00706575599058339
0.00815398294752568	0.00525892523689953	-0.0124388030591636
0.00374042929037210	-0.00102095969241598	-0.00183334793974136
0.00114996708555790	0.000469123045525091	-0.000168441534819244
-0.00866356401165874	0.00331949847648120	0.00689421153380061
0.00559714223949196	0.00109233602221630	-0.00556013124942732
-0.00144873506218128	0.00181561458751064	0.00211076873788359
-0.0127964202131893	-0.00101458519224498	0.0151917935123944
0.00403550114189847	0.000519114526301001	-0.00295808438418175
0.00215379381011384	-0.00177186796396674	0.00104805896333897
-0.00564587131995669	-0.000161320374385320	0.00681585956289954
-0.00377354180064798	0.00707320525999974	-0.00177983101048341
-0.00443997803698142	-0.00182834964187997	0.00783690993666835
-0.00693317950774551	0.000403375157957239	0.00819295546743928
0.00181955603717567	-0.000950977309666540	-0.000426712472839645
0.00687034583600308	-0.00250243150432578	-0.00368969140904924
-0.00256894682664725	-0.00181964010671351	0.00587727257347973
0.00470861784419774	0.00358952697517066	-0.00645950424926301
-0.000679276164667828	0.00178990319891212	0.000771772358659887
0.00333137333365752	0.00392872355867763	-0.00613640249089579
0.00107876965211250	-0.00143964693484747	0.000781489292590196
-0.000666012920223849	0.00140316981760014	0.000392694899300568
-0.00103831184251021	-0.00213933163096552	0.00411222845029354
0.0110701875935058	0.000478184795488944	-0.0100908495626695
-0.00112700351707321	0.00464807600914775	-0.00210215454091426
0.000858388908911530	0.00449511285053089	-0.00445742451923089
0.00283121940596406	-0.00455730082599204	0.00257149887766046
0.00397063011460806	-0.00221775061294157	-0.000214236513029029
-0.00169467507436783	-0.00355435491492846	0.00687246989705596
-0.00325466282782769	-0.00154179887798167	0.00604534354013148
0.00330430715144372	-0.00384982923117524	0.00216793959489094
0.00543352745396278	0.000608231091619363	-0.00525879487060451
0.000523561439371595	0.000994522091310918	-2.56193662167459e-05
0.00873751551870108	0.000720481442306398	-0.00775287971028805
0.00756058751907215	-0.00282784648470249	-0.00290771576627029
-0.000658010217609771	0.00629648584943586	-0.00406589430804737
0.00726243882860859	-0.000245381353200088	-0.00569569136314270
-0.00326690632409402	-0.000101501535547740	0.00494651449598659
-0.00391551496587018	0.00395618593123630	0.000302126805723650
0.00236086145773413	-0.000992332822218402	0.000227353155389837
-0.00656545953636613	-0.00350805512990998	0.0119237709430981
0.00403806223376812	0.000596041385027021	-0.00428915149627803
0.00270536957477701	-0.00140602858759128	0.000634311231173535
-0.00412519820594441	0.00552683030323474	0.000183728735890521
0.00543174616174888	0.00419784918020093	-0.00848310635471024
-0.000926971144148632	0.00108743333595750	0.00121336442559037
0.000307686846052532	0.000632592415871422	0.000346098460324075
0.00489756778972364	-0.00380237674473737	0.000487137056391702
0.000797516165992403	-0.00120734599432849	0.00100333939142367
-0.000613686692554326	-0.000309341026423172	0.00140810313363974
0.0115008216471681	0.00295338567267731	-0.0124861408683673
0.00148775527104173	0.00419202148037795	-0.00358499333904670
-0.000892641197074669	0.000649994320460031	0.00144541360532758
-0.000722395705435245	0.00166653718844743	0.000448484178740847
0.00481835377739850	-0.000415069568009088	-0.00270802040911105
-0.00187983291131977	-0.00186869119837001	0.00536654544309957
0.00798689843663868	-0.00115427086635276	-0.00596865450711834
-0.00785824382522098	0.00319748954618674	0.00576001860584342
-0.00221525057879841	0.00383882969793238	0.000182060489958480
-0.0109220816460258	-0.00549327330520238	0.0180167110194251
-0.00137456001976091	5.48239130405603e-05	0.00262719251508104
-0.00487793982023809	0.00472729086726320	0.00148119341436317
2.43449850195491e-05	-0.00178370265821850	0.00322675815688165
-0.00816902605216928	-0.000230582971880216	0.0101590385513022
0.00779017379292065	-0.00392487937146692	-0.00313316118498311
0.00275716702930324	-0.00153081635716982	0.000483972789165913
0.00575898532077572	-0.00387499419107817	-0.000845680264828140
-0.00387079530979800	-0.000504072692076988	0.00647419844594973
0.00453075777528811	0.00366941563399733	-0.00685451109647540
0.00255244445556429	-0.000926979173196266	-0.000948668505175174
-0.0172865297866659	-0.00690997540633130	0.0251247385434528
-0.000450704208267561	-0.00224274932893956	0.00334706948643756
-0.00368828043696971	0.00249067360471081	0.00328133850476482
0.00662414430706157	0.00179001640075443	-0.00617469685293485
0.00210115800875172	0.00437266662823272	-0.00538399262614993
0.00133652681754401	-0.00453267557192035	0.00457208391823030
-0.000177804519638460	-6.29880884415867e-05	0.00265338029986052
0.00367519778414147	-0.00443306501465788	0.00200956346006759
-0.00689686274987869	0.00127096721156799	0.00756765262441737
-0.00221351322381043	0.000622374366959289	0.00315236433334344
0.00133613098357927	0.000368385502787304	3.50988305932453e-05
0.0115103845704078	0.00138371009072048	-0.0109486251748739
0.00732940487809521	-0.000785340334836947	-0.00559626972867608
0.0136385588884148	0.00170157401939542	-0.0132346319014984
0.00248343982540902	0.00395677762003964	-0.00542282637984223
0.00727550485364027	0.00419177213789241	-0.0101216646868832
-0.00882777277200126	-0.00231625153859254	0.0122704722594888
-0.00281029084297129	0.00225974850760597	0.00160723255207538
-0.000654770983063293	-0.000166066425816940	0.00248710657459117
-0.00282748590911343	-0.00305787599039843	0.00700721782457481
0.00848198229135630	0.000800643169604342	-0.00866642865688318
-0.00532934751348296	0.00301003339283460	0.00428422700548656
0.0123719451265612	-0.00358391093381056	-0.00704485274761234
0.00589238613025624	-0.000625013606945598	-0.00351185163994623
-0.0117679226292151	0.00349201308036934	0.00889457402031336
0.00611051281290121	-0.000165994420647969	-0.00364953981874647
-0.00763627855757893	-0.00251142089057036	0.0116910124928610
0.00619974026662266	-0.00360488823911040	-0.00150359329939060
-0.000811933010119463	0.00483922251787371	-0.00263664883369488
0.00674098614346306	-0.00181611268595831	-0.00301740965756546
-0.00436046354081538	0.00565498829508614	0.000552626593354242
0.00318296093446423	0.00459489972131407	-0.00612306177532662
-0.00153028620379218	-0.00197101516982071	0.00484560351734790
0.00401215346588434	0.000587824533472494	-0.00323946646852073
0.00395548097542743	-0.00322502362755796	0.000753074072095867
0.00306841449791706	0.00276132541019893	-0.00499177499686020
-0.00411402124866352	-0.00165040390825777	0.00685524505383593
-0.00868934192772212	-0.00171218079707135	0.0112215743525846
0.00346513070587189	0.00434022251749250	-0.00613372743228043
0.00200441258557957	0.000400898757601127	-0.00139547276749748
0.00440558231875084	0.00119548179481877	-0.00401538328920395
0.00396280760595089	0.000142036036705152	-0.00300119993119067
0.00571626813232220	-0.00174811517843885	-0.00271356726555543
-0.00318926079820227	0.000495238984324759	0.00457395076517969
-0.00461192373269574	0.00332418458825744	0.00244289238449467
0.00438042466749578	-0.000168447462746693	-0.00272213256733817
-0.00607482016300825	0.000767571199559336	0.00728993400588536
0.00738954543571121	-0.00419544656921048	-0.00146243812960787
-0.00200368645530800	0.00249256187157147	0.000991202368702084
-6.47124195800634e-05	0.00402927788887460	-0.00294675441338901
0.0100938741183720	-0.00174154026051559	-0.00606292976568645
0.0144042321433768	-4.45972229476575e-05	-0.0131308431988642
-0.00669114097755114	0.00476106046342410	0.00348003590672583
0.00751393622484000	-0.00392185771138685	-0.00215345010709269
-0.00187941478689657	-0.00184188630164624	0.00580497673296494
0.00467589507303767	0.00252463741053164	-0.00556213543153485
0.00362924680019031	-0.00142401997942223	-0.000448249757740833
0.00216768742292914	0.00190162412025893	-0.00261497192259998
0.00270450682621034	0.00168415869371845	-0.00336017936273193
0.00249317994425235	-0.00357237978544632	0.00198530890326371
0.00849943919722281	-0.000788859859946447	-0.00683571443986678
-0.00351037003060867	0.000990407738826773	0.00437277069485004
0.00281138627145270	0.000565046445467328	-0.00199980554481133
0.00643837508751291	-0.00556046437233843	0.000339526460735487
-0.0101879107204815	0.00277714881899078	0.00941096020735047
0.00591424474950954	-0.000987492876365920	-0.00426888789150477
0.00445895890150836	-0.00189160007388074	-0.00132588017360761
0.00534131038564234	0.000479239545803246	-0.00379149393307078
0.00456355412069312	-0.00213827974662014	-0.00139138154335661
0.00250972854645472	0.00370155348904039	-0.00495666933490255
0.00391995601173640	0.00434899489627554	-0.00707317119358796
0.00243355798533340	0.00292801984382852	-0.00298084945464124
0.00679926411114708	-0.00337488484938137	-0.00283191292069031
0.00738568510736251	0.00155103938003803	-0.00839045035478004
0.00273774960531821	0.00105933477855945	-0.00256252505781038
-0.00571651320926265	-0.00407980963388401	0.0117083932636833
-0.00645914995386924	-0.00572930829506018	0.0137055907041092
0.00730807504827657	-0.00428048920143649	-0.00211188737683988
-0.00121003230632685	-0.00246785973055601	0.00500969483340572
-0.00339157745916871	0.00293735052757278	0.00210207662255480
0.00380301394266960	-0.000156738059025387	-0.00245019385091345
-0.00581378900004812	-0.000227978597822607	0.00779519508092705
0.00938326605833256	-0.00333220963392241	-0.00470760859686678
0.00515503724485871	0.00188910591499606	-0.00669979724422245
0.00523311528474678	0.00304978644866272	-0.00704944054429795
0.00490304241856090	0.00194738345788737	-0.00578260363642318
-0.00336233258748185	0.00263150574594154	0.00284265610962719
0.00163348694339438	-0.00438371531498599	0.00494351900916590
-0.00483798795463131	-0.00227402233036300	0.00856934537859571
0.00620088859896270	-0.00103856402504282	-0.00534178966983226
-0.00862010626864371	-0.00271341454497930	0.0126626524283236
-0.00150891495340752	-0.00286910761061064	0.00555062743600999
-0.00540032164344561	0.00149871505769470	0.00523806504296994
-0.0107077577129116	0.00253740779156201	0.0104374558257389
0.000159353527802742	-0.00519657752050452	0.00647028048332833
0.00903754448988053	0.00382722148104575	-0.0108689120447322
0.00284859215055136	-0.00294952580743287	0.000999437673678411
-0.00721008893938929	0.00464235140760759	0.00417937604068889
0.0127537824472705	0.00292550821668316	-0.0142910383150784
0.00680742926818950	0.00133659665283507	-0.00720148508300798
0.00327112453049957	0.00340446024029973	-0.00486503145861872
-0.00566520803342141	-0.00414382759587001	0.0111634021316449
0.00296936968428417	-0.00169208068865854	0.000538600890834491
0.00110554744972013	-0.00122492713144075	0.00122341858325389
0.00110607043204770	-0.00435656948255873	0.00464441860175899
-0.000716992877022782	-0.00318278474851108	0.00585749544244837
0.0120673531722428	0.000142999053055343	-0.0105248105043403
-0.000652165239910951	-0.00134599445557582	0.00327983837163795
-0.00297936689624042	-0.00276373150467716	0.00613523196068122
0.00130221200322054	-0.00387083137989770	0.00438385754470487
-0.000330168308857318	-0.00418983608334048	0.00596018066802595
0.00291100719273652	0.00120551977935995	-0.00267769582902922
-0.00502903876487802	-0.00330336133646604	0.00946825837300606
-0.00693753303710533	0.00455705353726435	0.00375287322907313
-0.000804070389884522	0.000374353217472073	0.00166059451961033
-0.00315379313086129	-0.00265901265678865	0.00674447674017632
0.00283095777683581	0.00198549840577080	-0.00425356854569764
0.00537795057003711	-0.00120522634003371	-0.00338368994168884
-0.000539599518985085	-3.68437012866377e-05	0.00217499526964940
-0.000522472561620942	-0.00151317685166625	0.00274367222306920
0.00244301521257493	0.00126072400043245	-0.00271070762060142
-0.00345711094365128	-0.00448388031262920	0.00874018544075839
-0.00224737305134632	0.000215123998713743	0.00361550476534734
0.00257105759509686	-0.00272104155762642	0.000638721201936048
-0.00846056022013333	0.00508421409674725	0.00459431703746042
-0.000391038810307431	-0.00212672845763094	0.00338408792920958
0.00349218527441369	0.000831861898966290	-0.00301273822662800
0.00888268896162515	-0.00283727279060479	-0.00504724296652904
-0.00215609905553780	-0.00125032126711169	0.00421308945268125
-0.00627527695174767	0.00326592291505953	0.00443394035393251
0.00975228756088522	0.00154221469535489	-0.00978068446068142
0.000147536913817476	-0.00174872090752499	0.00312180687538192
-0.00937260769091778	0.00325185922263638	0.00815116913897372
0.00202479971263239	0.000587375910349764	-0.00164615801429935
0.00422278329193057	-0.00402020793005535	0.00182349267786446
0.00586814219372528	0.00272556848241260	-0.00723481350708439
-0.00546031845412166	-0.00246313236789603	0.00842893493370256
-0.00992720247333458	0.00254175389497063	0.00958046078378727
0.00150254366184657	-0.00284822565278673	0.00311504396108645
0.00257596163989689	-0.00275921625284818	0.00172435310702743
-0.000904274806702330	-0.00321426184450360	0.00491686722698973
0.00261008628568696	0.00304018259322694	-0.00517304845083718
0.00357915085982464	-0.00153587187903312	-0.000629955657419734
-0.00192821942425187	0.00135991712710333	0.00248293060541280
0.00266600681530763	-0.00317258289251380	0.00147119587126443
0.00582003252586552	-0.00101162621414778	-0.00260237188843668
0.00236371651785675	-0.00254085990743984	0.00154885649727788
0.00434443793432932	-0.000353145904514605	-0.00303893982535412
0.00168736673196708	-0.00573584627999304	0.00583894833937675
0.000415073653627941	0.00231586010358882	-0.00114279016307772
0.00947525084227018	-0.000834356808468700	-0.00693937780326412
-0.00181732961787472	2.38872689439092e-05	0.00370366516687619
-0.00608526900680542	-0.00195828710774470	0.00878986987318139
0.00286484794234609	-0.00170340624461586	-0.000281855988117022
-0.00112909563785782	-0.00183663336345114	0.00456512195520387
0.00454688022266834	-0.00243674819503332	0.000236075190585490
-0.000548440369119151	-0.00601311025900694	0.00790738049935312
0.00100694884207946	0.000851604780608007	0.000326116020034954
0.00462995374962429	-0.00216716820920712	-0.000675723153834879
-0.00774806957699932	0.00508668275041665	0.00429483941425499
0.000592232304717126	0.00471222998015274	-0.00348369580896479
0.00766851828019253	-0.00332875958416401	-0.00261281354957201
0.00556935112224729	-0.000306611621597702	-0.00313647013865175
8.75331626008541e-06	-0.000307649602685484	0.00110629295413869
-0.00308414467209722	-0.00158675351056347	0.00648286669707054
0.00711447220481068	0.00299739651607244	-0.00856934705867020
-0.00301176994778223	-0.00213620830685510	0.00684814221594828
-0.00401121914119564	0.00210349926446825	0.00415661494886214
0.00357662700825872	0.000150284005127863	-0.00267972320238651
-0.00494494399798992	0.000774799361628455	0.00592491893225971
-0.00334814369016699	-0.00365793509071300	0.00907969992213151
0.00566643818505219	0.00492546153081960	-0.00924567294561816
-0.00694219536428323	0.000558092842278402	0.00817248677556665
0.00647687648005692	-0.00108991745984246	-0.00456905443188998
0.000686982073329810	-0.00113024839471619	0.00239997705641353
-0.00113399465757803	-0.00156364475283536	0.00455270546273635
0.0121766546953775	-0.00266563293216215	-0.00759114766881883
-0.00447056248302169	0.00145370170955700	0.00490970434263126
0.00164102091021251	-0.00124231894598821	0.000585943307226639
0.00460389494728144	0.00103387921884908	-0.00429237505893683
-0.00573022898792443	0.00284095785131160	0.00438517197677106
0.0113954703387137	0.00635721995373868	-0.0161261034380593
0.00810475144607554	-0.00585098759188383	-0.000716491079811780
0.000317998617385092	0.000291259976793991	0.00125206109478686
-0.00396737847842861	0.00177187415733626	0.00397498009158348
0.00260109955787904	-0.000873620547335709	-0.000909233672340153
0.00589528556414385	-0.000365602727903734	-0.00379910559563457
-0.000855399105731187	-0.000746830224578891	0.00390867616442757
-0.00363071345034657	0.00519820741997627	-0.000169825875002574
-0.00229110718520395	0.00314533321093414	0.000768953230006436
-0.00699236291674157	-0.00129413471455936	0.00987565657890735
0.00261339659266559	-0.00146859391455218	0.00105021981939579
0.0118338731471119	0.00212042510895526	-0.0121971861355704
0.00300349839478795	0.000545605051477254	-0.00223873143250859
-0.00281183201739766	0.000631247286436376	0.00315092847917676
0.00315075343934859	-0.00120470848022135	-0.000394617568130173
-0.00384500364666591	-0.00459527555431458	0.0106518081777657
0.00961471880393030	-0.00418683909108728	-0.00398706642874236
-0.00302733607996807	0.00217606446708300	0.00203435800120122
0.0228348828506394	-0.00352715782496909	-0.0182411649317351
-0.00337218396267834	-0.00252438262730139	0.00813080721880583
0.00111263248296854	0.00304753682032121	-0.00234873824780617
-0.00449994551788029	-0.00378745880427107	0.00983020260288735
0.00291882202262120	-0.000123444486500217	-0.00251141512124540
-0.00156013693852281	-0.000636825840405117	0.00331213987428072
0.00519698605751350	-0.00296712196474814	-0.00151739159364899
-0.00946160268136943	0.000261827963892619	0.0110965333879429
0.00432630290087237	-0.000572560574855579	-0.00244272176002463
-0.000259348581998490	0.00148340633824340	0.000875444629151416
0.0118024734614686	-7.88755734135742e-05	-0.0107352630560127
0.00258846792553393	0.00174719944759709	-0.00328461691448007
0.00510373769307766	-0.00119242878099433	-0.00344274736916382
-0.00587565109336007	-0.00156109890728128	0.00949380603076548
0.00399692756544027	-0.00138304004206255	-0.00249262248567706
-0.00159621993190737	0.00530220516457651	-0.00234753136949073
0.00594608158435955	-0.000959985557330618	-0.00337723261135436
-0.00161791108633233	-0.00451288420316590	0.00805956988316550
-0.00429564499980108	0.00173470165918897	0.00385313445771151
0.00528017365346043	-0.00136345594751044	-0.00249696465255002
0.00705658390555847	0.00141945023067899	-0.00726746600668301
-0.00897306880058802	0.00118941754847638	0.00887909669640666
0.00226058012365014	-0.00244722713861213	0.000797189202596314
-0.00427378769298820	0.00554616135559520	-0.000707825718792549
-0.0106854509762966	-0.00121403033578127	0.0126187229165497
-0.00859038375816183	-0.00135982285475686	0.0114462350121516
-0.00450159413467686	0.000502333448776161	0.00604718010494991
0.00342612799539285	0.000128548120358150	-0.00291059213356600
0.0111768550562987	0.00202896799437689	-0.0123833323809475
-0.000569177769360848	0.00106958735223876	0.000914055199959583
-0.0100624530309605	-0.00168309503230052	0.0128210923447191
0.00168154157579655	0.00310849889144316	-0.00378070590913726
-0.00350594806573339	0.00564900618856337	-0.000744331427660926
0.00463939499739969	-0.00271745399119757	-0.000589205319342010
-0.00303590143766808	0.00268718057861231	0.00217500433061668
0.0114454784008366	-0.00147217924841322	-0.00894840145702058
0.00512397070676199	0.000380314206857286	-0.00399303533136319
0.00704060975286883	0.000885647630102607	-0.00713172567308470
-0.00561834952519506	0.000149785504737654	0.00721555966052447
0.000494824009306504	0.00184460993981930	0.000676418502757631
-0.00153863140553198	0.00394702573616945	-0.00146166610715432
0.00601306159131355	0.000220147157587345	-0.00566911927381316
-0.0111362358116392	0.00413292530957840	0.00895214499762459
-0.00248545791836453	0.000857824947511373	0.00321604234429239
0.00525788546509012	-0.00106990863782393	-0.00304171660340672
0.000623580222638362	-0.00288584805571104	0.00364650153824319
0.00968757952773399	0.00415974788525854	-0.0124141997613145
0.00137387135967871	0.00283269274257079	-0.00198589973542071
0.00133454589303758	0.000639604103442256	-0.00102923391311802
-0.00153795408174199	-0.00202550677186635	0.00515801366788346
-0.00160020337058509	4.85165124763586e-05	0.00227639632696608
0.00511991767431399	-0.00660711082213761	0.00271753038087240
-0.00447001058095825	-0.00348957115209701	0.00976301262434431
0.00584512988716868	0.00219907223187930	-0.00630523085645101
-0.00373255925869075	-0.00496047164743466	0.00991300243906186
-0.00387569935360209	-0.00336137401667963	0.00886531831345710
0.00122510795537340	-0.00304884450027037	0.00360993658736295
0.00586552641486924	0.00116551529949492	-0.00600866272805533
-0.00765293662130272	0.00258179455020804	0.00691170114361212
-0.00197601012464639	0.00193476773419123	0.00231387385814215
0.00220510253243131	-0.00213903542979481	0.000774898277011426
0.00528366041515106	0.00160142622906861	-0.00585372723222929
-0.00165338505915950	0.00157644405278738	0.000280244978341332
-0.00365467812927098	-0.000120133915577908	0.00542345671939337
0.0117797402808091	-0.00345987323842699	-0.00697014196319772
-0.000166521715566715	-0.00472960785782207	0.00657608265820906
-0.000196526535374273	0.00320223400945488	-0.00113254358436229
0.00533439142764297	0.00212000971204715	-0.00567900525106577
0.00441739981114020	-0.00677766373455558	0.00340333858187407
-0.00258049194066675	0.00101434542619639	0.00257417470202360
0.00511831271783756	-0.000555003162100761	-0.00342587410102678
-0.000529900498748880	-0.000911153057940929	0.00308627729091140
0.00392814289311052	0.00232559650482323	-0.00558282489419512
0.00149406842714104	0.000490620117975422	-0.000384857981961573
-0.00339247653175892	0.000316251792893466	0.00435790483169772
0.00710518832722707	0.00154761969954048	-0.00751648215016382
4.33158944350872e-05	0.00131034384104820	0.000330670630939502
-0.0106249049923878	0.00217461733351221	0.0101567539713867
0.00650252334963609	-0.00371037536115626	-0.00145264144406675
-0.000666384265551604	0.00287433490928011	-0.000657374040672153
0.00248903345363227	-0.00334151939113537	0.00187040729203932
0.00363469037206981	-0.000861057749099530	-0.00202644565845683
0.00266609540818685	0.00331112959005486	-0.00430415777570923
0.00625176137370163	-0.00368577391727077	-0.00149190822442613
-0.000719656577977222	-0.00690942992929225	0.00905078095546741
0.00804013513966679	0.00105750358932937	-0.00769738773235104
-0.00209277086898946	0.000878583023294478	0.00306036973207400
-0.00180747925960206	0.00201354951240629	0.00168666166161006
-0.000693187935465144	-0.00581787459384891	0.00834975845856890
-0.00756978321414646	-0.00547181248156205	0.0141507546198816
0.00395781660774844	0.00283802663614153	-0.00550824965115293
0.00421892357341278	0.00416189452409847	-0.00662615239224323
-0.00157810044042853	0.00257132821018141	0.000128196121699233
0.000414165057196975	-0.00140687412417390	0.00255770872804195
-0.000334207747279529	-0.00181418636390490	0.00343843542590444
0.0123154417838187	-9.90156686675706e-05	-0.0112701832055452
-0.00487352193132949	0.000651950606450866	0.00563644640113485
-0.00594289748938875	-3.03398480129479e-05	0.00754752650155195
0.00621272605787933	-0.000402659914388073	-0.00491111946505178
-0.00110755729618446	-0.00382251572796438	0.00479524839248258
0.00725490499777316	0.000791344925901379	-0.00658835128205504
0.00476614695776686	0.00612542704885738	-0.00969150408925937
0.00397155053074217	0.00295514823063760	-0.00585277453219793
-0.00612151049386123	0.00264125150988806	0.00504532285049878
0.00153172596140850	-0.00100946808566057	0.000861757555704644
0.00436191189943576	0.00282137237332598	-0.00508710610788193
-0.00520699273263542	0.00201748533898315	0.00419104148535543
-0.00234260242362999	0.00102006181017657	0.00308855476646923
0.000256373015793501	0.00178843794059560	-0.000350452519822938
0.00463052161463596	-0.00489683091537929	0.00177068761371213
-0.00227160634827419	0.00213979656584899	0.00145877879537312
-0.00396524576452090	-0.000474420962809821	0.00648016649012612
-0.00721357795373202	0.00306422057063694	0.00611125817628753
0.000613312322500879	0.00650710771815013	-0.00571048930838213
0.00684461169455563	-0.00316428208855636	-0.00259262469497045
0.00312874668126397	0.000410233006534517	-0.00203805888315760
-0.00191050490556021	-0.000954223600060360	0.00451359915864693
0.00915368098544897	0.00522184758513338	-0.0129636868143252
-0.00292935408784762	0.00184274348172653	0.00342592476026631
0.00328925270945481	0.00428433143896355	-0.00608820975458012
0.00464542776799458	0.00186895902528975	-0.00527793570974367
-0.00385763528621777	0.00257042678604280	0.00258531078218774
0.00189555908406556	-0.00293271858479225	0.00222408999703874
-0.00570973178511869	0.00324252597322216	0.00468426937286752
-0.00237263668708187	0.00143756864129856	0.00184551704476635
0.0125483097688764	-0.00213396664896331	-0.00950566752940006
0.0104577985552991	0.000127645856920014	-0.0103093653446382
-0.00261101178306416	-0.000937075420757812	0.00527813397417814
0.00300691877854259	-0.00339323072958364	0.00216147885632763
-0.0102458763251811	0.00186915004217393	0.0103388757416588
-0.00727430083919677	0.00320593687375579	0.00652679055554022
-0.00278749770283642	-0.00152131027992610	0.00665760425700441
0.00272798557830843	0.00336739174502901	-0.00470458293484457
0.00106221246581515	-0.00446683587938178	0.00514710369602737
0.00158525848127338	-0.00226505674271554	0.00181714419495721
-0.00665241951123996	0.00461400738370670	0.00330061905737058
0.00668165992407473	0.00251471204260561	-0.00769690756249880
-0.00140098316804378	-0.00147398225225641	0.00463149410563141
0.00360275078717372	-0.00154129300365640	-0.00117046183903412
-0.000448662968712310	0.00162460919759919	-0.000155458789105769
-0.00341732711654478	-0.00163409872094219	0.00685424831603891
0.00720953050313675	-0.000858180566230199	-0.00499183677584291
-0.00214796563039030	-0.00106473711617690	0.00546489858551236
-0.00217919130807470	-0.000130736455531900	0.00338679806134883
-0.00413886680429137	0.00204167457372764	0.00367665659377858
0.00287301031427482	0.00892413407732606	-0.0106810316359232
-0.00805538168410607	-0.000745304803962081	0.0100866035647695
-9.36027271835799e-05	0.00369400314695128	-0.00224631767859824
0.00510199423016949	-0.000537096716214580	-0.00330156502509569
-0.00435154786475478	0.00246180169801823	0.00367487069593404
-0.00550827297423484	0.00195726067935447	0.00420621869946868
-0.0124629111958749	-0.00508066311759538	0.0192769499841105
0.00233948790747495	-0.00142400535515708	0.000586547734791230
-0.0107127774198877	-0.000698149991329087	0.0133401465273039
0.00918342677152493	-0.00146825377368160	-0.00679436922718133
-0.00348067495732749	0.00200120064580292	0.00331228456260014
0.00298752389297645	-0.000655429331208127	-0.000447751345291108
-0.00618656418894216	0.00378455282744381	0.00325739491050665
0.000564545380207470	0.00135311016580759	-0.00108994512987794
-0.00100372018885430	0.00377896384741474	-0.00161089374635328
0.00255768790818724	0.00193560445441960	-0.00318249221228621
0.000209280185237444	-2.03265302050125e-05	0.000837650630455785
0.00525813641799392	-0.00154501425205472	-0.00239897481909616
-0.00646510479056551	0.000759396887564912	0.00735431092534673
-0.00273314103313277	0.00147019908878728	0.00368149580062036
0.00262789490051504	0.00335978256963599	-0.00464269629066972
-0.00421205544454657	-0.00233017772707053	0.00761779956151468
-0.000708401867744485	0.00367261568198540	-0.00153994255913927
0.000263084860884707	0.00109204645668891	-3.65391911064990e-05
-0.00455683771800594	-0.000167452679078900	0.00604850238415537
0.00169810761827374	0.00121400425484663	-0.00107822554015766
0.00910562213712504	0.00177602489912831	-0.0103732998342568
0.00656929699288193	-0.00105901998660586	-0.00340074830638013
0.00131911503851946	0.00461616720032353	-0.00435731298439748
0.00796633697010765	0.00197959285238885	-0.00872457651028711
-0.00863245909260377	-0.000579708666142624	0.0105095846635193
0.00394870200846287	0.00313599412608365	-0.00579523616151842
0.00774588603238594	-0.00617869455367610	-0.000719304996147490
0.00281175588966411	-0.000507929505091201	-7.64354074533440e-05
0.00351851024562653	-0.00127924728447271	1.96158328717030e-05
-0.00247860927548017	0.000911294230725448	0.00243364411596205
0.0103793705404414	1.67338632800710e-05	-0.00900193011892896
0.00246707010227770	0.00256023888325273	-0.00386161183982955
0.000574825865533704	-0.000184692356719721	0.00102736623717141
-0.0161897491969295	0.00223017181697738	0.0151621906915525
-0.0101513483334007	-0.00315118779731083	0.0143235598959323
0.00368828932757745	-0.00313957679155713	0.00105897211452772
0.0112124260219823	0.000713072112714745	-0.0100608253167073
-0.0102537753220756	0.00124132658780437	0.00996520467830101
0.00311621411257434	0.000791948750191535	-0.00219356374608010
-0.00135465943778716	0.00206354069032247	0.000498347918877411
0.00175656066052877	0.00327315465791234	-0.00390210562110353
-0.000934419499658730	0.00126387313674096	0.00167462384387193
0.00130317261807681	0.00229589925042591	-0.00222532281630492
-0.00241411831371879	0.00100360051564218	0.00263332668010834
-0.00121092255281468	-0.000510962207486910	0.00276946487574013
0.00194283786894162	-0.00360474300266604	0.00383440748379142
-0.00926313194210414	0.00116180145010874	0.00989737167417683
-0.00426052205583056	-0.00391272353052930	0.00966933316294246
-0.00317943577585932	0.00266502966348225	0.00216575844117688
-0.00173451301771675	-0.00274641910025921	0.00567642573252175
-0.000593591726797933	-0.00457320771922016	0.00665063288612030
0.00289688149934899	0.00559205435053420	-0.00747743303294569
0.00369989905802349	0.000781707117160213	-0.00349433873808690
-0.00769773777041917	0.000656963345950153	0.00837676151053986
0.000888725111566590	-0.00223760009276150	0.00299822202916284
0.00750510386092813	0.000442836042578583	-0.00671618630333684
0.00299978907420146	-0.00383166441326454	0.00272034331430559
-0.000446334189967024	0.00144005208242118	0.000254439598846112
0.000812622085575564	-0.000963248282475735	0.000788704463054560
-0.00117044865423264	0.00181496001672741	-3.28818845049413e-05
0.00533836467633569	-0.00232858226144653	-0.00181779932673348
-0.00726738302698039	0.00617355247523585	0.00233404083456574
-0.000215225897997087	0.00193775492162491	-0.000221204974706428
0.000355858653305750	-0.00253656171832732	0.00378993309318079
-0.00511735526225026	0.00151324264952597	0.00532752344944374
0.00409750056581892	-0.000225934977245858	-0.00321679614410735
0.000296172397200973	-0.00140207413079506	0.00291125670922438
0.00184426200856449	0.00401246968362884	-0.00522669267091594
-0.00689293670933136	0.00336593701617754	0.00469910805587793
-0.00672149263680478	0.00546519900907766	0.00287319053977908
0.00212317130084992	0.00578462453002031	-0.00687804552513953
-0.0124696519150112	-0.000428323619994875	0.0144118589425752
0.00243020646811440	-0.00576432853742797	0.00557120691270656
0.00727004031913092	0.00125161242669402	-0.00728873813414605
0.00658868095553201	0.000530851624734154	-0.00545710511206150
0.00346923718214558	-0.00202235960891216	-0.000381163934907389
-0.0116615202104302	0.000604518121949595	0.0118438901864827
0.00285742085469175	-0.00304821971438346	0.00126689743085799
0.00418857436175163	-0.00381483168558999	0.00118172387891803
0.00714040687645721	0.000701621305273568	-0.00676519397692592
-0.00329882479985885	-0.00216192900946046	0.00611129895705865
-0.00274095151217828	-0.00150420924838067	0.00475581319927413
0.000528895190269408	0.00208475662706792	-0.00100864398027556
-0.00250631612115271	0.000267359562429539	0.00297650153144065
-0.00795514436496058	0.00291752027406684	0.00716286915381354
0.000898843893555844	0.00143966824199315	-0.000970673684098441
0.00182966421137540	-0.00321863343256960	0.00280553292223248
0.00872334858725515	-0.00607324855007717	-0.00187766172987612
-0.00350982405011682	-0.00396994905878840	0.00962052140030935
-0.00972050377973699	0.00242961386890962	0.00863304784305570
0.0114768246570672	0.00149283896443762	-0.0116859924899861
-0.00467755891030752	-0.00525777673189494	0.0109553618442189
0.00196955551038085	0.000677344754722924	-0.00169355078172251
-0.000521840382246015	0.00136152368544411	0.00129480787138312
-0.00157415086221946	-0.00208671975735219	0.00532621172942967
0.00505522256359345	-0.00105707939325398	-0.00306069183863482
-0.0100321496750481	0.000339220354664887	0.0114617877337352
0.000441817761394415	0.00165847767830969	-0.000717049189403799
0.00241242543512256	0.00538475854123873	-0.00663435524769773
-0.00434166124840450	-0.00416757575076996	0.00993579058200214
0.00565410507720599	0.00146250011382304	-0.00538985068123400
0.00933598308067359	-0.00367550887338435	-0.00390052793760568
-0.00468567806457407	0.00192938682263727	0.00406736901792976
0.00123081632639921	-0.00209860687105956	0.00185726538863274
-0.000805194047286883	0.00458482019881395	-0.00327488494798207
-0.00211888873448882	0.00149806748447748	0.00242856533699737
-0.000953360819086111	0.000208270273138566	0.00251422538376760
0.00400927779298588	0.00188740230502599	-0.00523448097140569
0.000279844139240352	0.00165879700163014	-0.000429282326590791
0.00453260427008842	-0.00330231818319899	-7.82728815288380e-05
0.00110655951389384	8.57537186585030e-05	-0.000136453865168011
-0.00372924993071375	0.00178011032727973	0.00277883712933792
-0.0119928529627106	0.000918770192929128	0.0123047695426573
0.00454137596683543	-0.00572065213450976	0.00275204443459840
-0.00412255170516849	0.00153867847982720	0.00317652088083255
-0.00246682131522662	0.00330263136787833	0.00104714169687167
0.000116831801528991	-0.00111922754530302	0.00177058812235725
0.00160395084908960	0.00106143974237123	-0.00120367448296190
-0.00184933593978652	0.00190219459770935	0.00162775506733965
0.000554287286085295	-0.00119095656680508	0.00190025267051567
-0.00221666560374718	0.000966143423010853	0.00202627506339912
-0.00398893763538778	-0.00217705069465885	0.00770691286922746
0.00161076866622303	-0.00431859641435897	0.00423254494930206
0.000801311886186393	-0.000532757404669215	0.00190183576271604
-0.000159640809469694	0.00284771270116289	-0.00106475465457330
-0.000212584502370882	5.58346648319157e-05	0.000665371301849513
0.000967123163691160	-0.00270759046200444	0.00393603476548505
-0.00693252968649277	0.00203518761699407	0.00650499558385105
-0.00228929054874324	0.00146367825212858	0.00217739343105616
-0.00734824762448585	0.00351888737037148	0.00558408507629165
-0.000229530961027640	-0.000723941037254263	0.00171888715340492
0.00145413126177927	0.000774343583717817	-0.00144047634728474
-0.0158706310966594	0.00526983817303569	0.0119679445758296
-0.00422374855577940	-0.00490916282802463	0.0109199667650751
-0.00502521514793363	-0.000700940097038009	0.00679303851619719
0.0150986250483909	-0.00561987242014072	-0.00825842098978900
-0.00272365869686317	0.00182272743588514	0.00170982669966125
-0.00153338063712185	0.00413582136259103	-0.00114513447096930
0.00346653787312569	-0.00213730882784575	-0.000163447442130477
-0.00242630499072549	0.00524447509610065	-0.00179759872347680
0.00331868373590893	0.000175348873641327	-0.00261028350691136
-0.00173853891850344	0.00442087785168451	-0.000914765582311662
-0.000731469722325700	8.86098660771533e-05	0.00258386289827228
-0.000210619978603755	0.00439332343016075	-0.00277940181020478
0.000387659022736151	0.00181368549696272	-0.000302127706486161
-0.00322318446895715	0.00271185767263283	0.00229604449715044
0.00601079435059369	0.00163976640283637	-0.00646153129845341
0.000725847383997774	0.000611619538101043	0.00111984613970683
-3.19811136987916e-05	-0.000275798824249355	0.00221555600455306
-0.00814996625515141	0.00207833178662884	0.00734435009795492
-0.0136103339416603	-0.00381643025690650	0.0183012645918795
-0.00616996843834110	0.00146243848197878	0.00567763764980805
0.00491326269513545	0.000550138354251046	-0.00368689312965424
-0.00193026845970842	-0.00145164686393281	0.00492282848633566
-0.00278899737047555	-0.00472109340206216	0.00941445136331170
0.00396831213130349	0.00130751362975234	-0.00422026813910871
-0.000645587415922788	-0.000658242442623800	0.00268243524092244
0.00339510086107059	-0.00288783171675594	0.00163748076815458
0.000265439822646384	-0.000800913298204728	0.00196638326071965
-0.000994482820240223	-0.000539540653532609	0.00278472522377720
0.000875418676392653	-0.00219361855469265	0.00219152992281930
-0.00196526427520458	0.00299303040754168	0.000603799231466649
0.00629101166119278	-0.00395994764856561	-0.00166289652943224
-0.00206780073740550	0.00565990939767765	-0.00263108507041583
-0.00389805398791953	0.00355775886038004	0.00175259996894182
0.00491857062815438	0.00111359008015146	-0.00457681129603829
-0.0118512005746849	-0.000798415725296867	0.0135257295683750
0.00315225186668935	0.00168915881858978	-0.00235816517127985
0.00396724466899776	0.00404518918126059	-0.00565129090358325
0.00526958992656333	-0.000321657446451924	-0.00403923646651589
-0.00266268636727674	-0.00319334007886112	0.00657424473376055
0.00443062608541562	-0.00302773512209747	-0.000233711811074309
0.00307636061142249	-0.000350914208719311	-0.00129997673740152
0.00359951593870987	-0.00181953060197527	-0.000975885490775274
0.00940858671408857	-0.00475851937095206	-0.00393627680837112
0.00200749789198553	-0.00356838214852237	0.00243426606935280
0.00975365460316192	0.00195652351610396	-0.0107562381490884
-0.000113640577862239	0.000917317430516337	0.00124669894460507
-0.00192141397586350	-0.00290807029348342	0.00569158441551666
-0.000738544527678957	0.00246822864519277	-0.000131290665875090
0.00255451227766693	-0.00365693024422817	0.00221368782359838
0.0139226621543127	0.000635548278085927	-0.0142602577099243
0.00347629685479368	-0.00305905641307934	0.000860791815846673
0.00605432479249810	0.00172286334502330	-0.00551102052010618
0.00144107162093275	-0.00172157140464599	0.00219655411047917
0.00663680734141462	-0.00233516346013048	-0.00304046486788230
0.000527419589680279	0.00175978998136543	-0.000890739770186722
-0.000225716405198398	-0.00240229379052520	0.00401887254500894
0.00603342267535699	-0.000591753555786084	-0.00465214690186581
0.00148666272547356	-0.00456190249804697	0.00371761135441036
0.00295748183629690	-0.00425230633217427	0.00252954330485397
0.00279087023095135	-0.000661068101909753	-0.000686840290757369
0.00833431486399000	-0.00275970692046301	-0.00420926198657229
0.00407751237353288	0.00270514109841037	-0.00551780812779290
-0.00260952749605789	-0.000554339199730635	0.00431367853406741
0.00694535704367624	-0.00115516734258750	-0.00416535400813622
0.0112094205558722	0.000319052816758280	-0.0112372698885494
0.00721981013533683	-0.00459789474298148	-0.000715111728768884
0.00123307570132381	0.000422135926614316	-0.000493426492794793
-0.00421094743062086	0.000868295101050174	0.00361661312049025
0.00397062965697820	0.00116622339954104	-0.00360805147088948
-0.00893984578071549	0.00389855093503295	0.00577092937456365
0.00135096530438457	-0.00384330470600091	0.00347288782048480
-0.00829640881400510	-0.00151138852909113	0.0110438187215044
0.0116976512416039	0.00144966934981992	-0.0124075657301714
-0.00841157201194727	0.00193995660169253	0.00792843343405144
-0.00251968025841342	-0.00201086987535770	0.00533580828654773
0.00492825768952105	-0.00561538807881695	0.00209081489408908
-0.00244621480632274	0.00340316785220546	0.000194960697446042
-0.00620820779130915	-0.00118302032100786	0.00912030336665702
-0.00543082395764575	-0.00294407910682391	0.00882348170136287
0.0103550948148784	0.000165169314445724	-0.00974846650792885
-0.00749481187770973	0.00405301552013902	0.00455330957155914
0.00156166876062986	-0.00238897530385712	0.00258504724168460