1      1      10.656673      32.04      1109.67      392.33      15  12  6.69  7.73  35.60  1  0.34  180330  82031
1      2      10.656674      35.40      1467.67      312.33      42  16  10.36  9.04  36.97  1  0.31  177568  95947
1      5      10.656677      37.23      1005.33      12.00      22  2  8.52  10.63  38.56  1  0.35  184400  95214
1      4      10.656678      31.13      1580.67      300.67      29  10  13.16  10.62  38.41  1  0.33  174068  117187
2      2      129.299841      51.88      1953.67      312.00      81  30  16.42  11.07  38.49  2  0.31  167756  95947
2      1      129.299842      40.28      1528.00      354.00      44  21  11.13  9.52  37.25  2  0.34  183883  82031
2      4      129.299843      43.64      2351.00      7.00      69  2  22.86  12.72  39.76  2  0.33  167899  117187
2      5      129.299846      44.56      1501.67      22.33      43  4  14.25  12.13  39.54  2  0.35  177850  95947
2      6      129.299849      45.17      410.00      0.33      2  1  4.69  14.55  41.17  1  0.30  285655  158203
3      1      227.170521      36.93      1991.33      25.67      53  3  12.57  8.32  36.01  3  0.34  207631  185302
3      5      227.170526      47.00      1295.00      296.33      50  19  13.22  12.89  40.18  3  0.35  197974  19042
3      2      227.170533      60.12      1701.00      166.00      91  15  15.39  11.95  39.13  3  0.31  195362  41748
3      4      227.170536      55.85      1495.00      158.00      62  17  15.58  13.75  40.36  3  0.33  196133  13183
4      2      246.114844      112.30      4795.67      424.67      227  46  59.59  18.36  41.88  4  0.31  150540  47607
4      4      246.114850      115.36      3973.67      465.33      213  52  63.45  22.50  44.06  4  0.33  155593  114257
4      1      246.114856      86.06      4467.67      100.67      176  13  46.98  15.19  40.44  4  0.34  148444  71777
4      5      246.114859      114.14      3512.33      16.33      159  3  57.69  22.86  44.31  4  0.35  160664  19775
4      6      246.114868      82.40      1427.67      167.33      60  15  27.01  24.29  45.53  2  0.30  241679  164794
5      5      261.666100      73.24      3746.67      474.67      134  32  43.11  15.28  41.22  5  0.35  160444  19775
5      2      261.666102      52.49      3102.67      215.33      165  18  32.11  13.48  40.29  5  0.31  171651  50537
5      1      261.666104      57.37      3784.67      349.33      142  27  29.07  10.45  37.71  5  0.34  182213  183105
5      4      261.666106      97.05      4101.33      272.00      182  29  61.04  20.77  43.45  5  0.33  168467  119384
6      4      311.479367      61.95      1569.67      6.00      86  2  19.64  16.40  41.94  6  0.33  207709  116455
6      2      311.479368      57.68      1875.67      22.33      95  4  16.05  11.34  38.65  6  0.31  213273  103271
6      1      311.479370      44.56      1273.00      18.67      57  3  9.58  9.85  37.54  6  0.34  229285  183105
6      6      311.479370      72.94      688.67      0.33      15  1  10.13  18.39  43.34  3  0.30  314423  162597
6      5      311.479372      45.78      1645.00      265.00      55  23  15.41  12.29  39.43  6  0.35  216164  171386
7      2      364.772614      77.21      3443.67      221.00      166  26  33.46  13.70  39.75  7  0.31  194299  47607
7      1      364.772618      66.53      2474.00      20.33      121  3  22.50  12.49  39.17  7  0.34  202530  84960
7      4      364.772619      74.16      3227.00      48.33      124  5  33.89  14.64  40.42  7  0.33  204249  119384
7      5      364.772627      72.63      1990.67      52.67      88  6  23.81  16.26  41.55  7  0.35  205524  67382
7      6      364.772630      62.26      864.33      0.33      36  1  14.61  21.75  44.56  4  0.30  286989  159667
8      2      367.919860      86.98      3345.67      373.00      140  39  33.60  13.95  40.04  8  0.31  161905  8056
8      4      367.919860      69.58      2775.00      103.67      121  12  32.95  15.94  41.49  8  0.33  167243  117187
8      1      367.919860      53.41      2274.00      255.67      98  26  22.08  12.83  39.74  8  0.34  161149  8056
8      5      367.919862      56.76      2390.00      105.67      77  8  24.14  13.75  40.08  8  0.35  174351  95947
8      6      367.919870      62.87      354.00      280.33      15  9  6.51  22.30  45.29  5  0.30  295332  158203
9      2      380.835451      57.98      3236.00      198.33      136  22  29.46  12.50  39.18  9  0.31  193578  8056
9      4      380.835455      122.38      3372.67      27.00      143  5  36.64  15.98  40.72  9  0.33  195526  116455
9      1      380.835458      52.80      2237.67      13.33      99  3  19.33  11.63  38.73  9  0.34  197447  71777
9      6      380.835462      63.48      462.33      105.33      18  7  8.63  22.91  45.42  6  0.30  299256  161132
9      5      380.835468      52.49      1537.33      30.00      82  6  17.93  15.01  41.33  9  0.35  208246  19775
10      2      388.570504      59.51      2256.67      75.33      131  11  22.13  13.09  39.83  10  0.31  196135  180908
10      1      388.570505      55.85      1758.67      66.67      99  10  16.09  12.19  39.23  10  0.34  201672  180908
10      4      388.570505      86.36      2247.33      359.00      119  41  28.54  17.23  42.07  10  0.33  192218  113525
10      5      388.570508      61.34      1656.33      19.67      64  2  16.64  13.13  40.04  10  0.35  205703  93750
10      6      388.570513      61.65      553.33      81.00      24  5  9.96  21.81  45.10  7  0.30  303116  158203
11      1      390.548216      63.48      1911.00      34.00      63  4  12.81  9.31  36.53  11  0.34  211432  74707
11      4      390.548217      53.41      1663.67      246.67      70  19  17.61  13.59  40.49  11  0.33  208576  119384
11      6      390.548217      57.07      263.33      18.00      9  3  3.79  18.44  43.17  8  0.30  321548  158203
11      5      390.548222      53.41      1193.67      135.33      53  16  11.41  12.43  39.61  11  0.35  225502  178710
11      2      390.548224      48.22      1692.33      18.00      79  4  14.49  11.27  38.65  11  0.31  208150  103271
12      2      390.916871      79.96      2484.33      440.00      160  60  27.82  15.64  40.98  12  0.31  194162  109863
12      4      390.916875      116.27      2728.00      290.33      157  36  39.32  20.35  43.17  12  0.33  191573  113525
12      5      390.916878      74.46      1820.00      71.67      111  11  24.08  17.41  42.43  12  0.35  196636  19775
12      1      390.916879      71.11      2102.67      17.33      134  4  21.02  13.47  40.00  12  0.34  200627  101806
12      6      390.916881      79.96      939.67      0.33      44  1  17.90  23.80  45.59  9  0.30  279254  158203
13      2      400.977374      47.00      3128.33      37.33      114  6  25.13  10.73  38.10  13  0.31  190110  75439
13      1      400.977374      37.23      2774.00      1.67      65  1  18.25  8.70  36.37  13  0.34  200421  75439
13      6      400.977376      61.34      236.00      49.33      4  2  3.00  15.70  42.07  10  0.30  345578  164062
13      4      400.977380      60.42      3281.33      303.00      123  29  34.47  13.70  40.43  13  0.33  190138  127441
13      5      400.977385      47.61      2656.00      22.00      46  4  19.38  9.88  37.26  13  0.35  194187  93750
14      2      401.417465      46.69      2095.33      17.33      60  3  12.89  8.48  35.79  14  0.31  221480  180175
14      4      401.417465      50.05      2159.00      233.33      55  17  16.98  10.53  37.91  14  0.33  230681  127441
14      6      401.417465      69.58      88.33      51.00      9  7  1.75  23.86  45.95  11  0.30  382542  152343
14      1      401.417465      37.84      898.00      183.00      35  11  6.34  9.18  36.98  14  0.34  234489  101074
14      5      401.417472      31.13      689.33      138.33      30  11  5.91  10.65  38.66  14  0.35  246048  180175
15      2      401.508596      47.30      1583.00      22.00      60  3  12.24  10.05  37.76  15  0.31  210275  108398
15      4      401.508600      73.85      1592.00      48.67      75  8  16.99  14.12  40.56  15  0.33  199813  113525
15      6      401.508609      51.88      300.00      14.00      5  1  3.89  16.26  42.26  12  0.30  348171  304687
15      1      401.508612      35.71      1486.33      95.00      43  13  9.48  8.34  36.10  15  0.34  218143  93750
15      5      401.508617      37.54      1303.67      43.00      29  6  10.02  9.95  37.71  15  0.35  219984  93750
16      4      404.619946      73.85      2504.33      42.00      123  5  29.31  15.81  41.37  16  0.33  210741  119384
16      2      404.619946      72.94      3259.33      18.67      132  3  28.80  12.25  38.92  16  0.31  199962  71777
16      1      404.619947      50.96      3660.00      1.33      90  1  23.14  8.96  36.02  16  0.34  215626  71777
16      6      404.619947      81.79      618.33      50.33      26  5  12.03  23.89  45.78  13  0.30  322260  149414
16      5      404.619959      65.31      1960.67      76.00      64  7  19.04  12.86  39.74  16  0.35  224814  19775
17      2      404.805650      95.83      3274.67      60.33      145  9  33.27  14.76  40.14  17  0.31  184791  47607
17      1      404.805655      63.17      2688.67      1.33      114  1  24.11  12.40  39.05  17  0.34  188565  74707
17      6      404.805655      101.01      1237.67      56.67      51  8  22.90  23.81  45.34  14  0.30  291407  159667
17      4      404.805656      108.95      2959.00      86.67      155  13  38.37  17.87  42.25  17  0.33  194905  119384
17      5      404.805659      62.56      1861.67      52.33      88  8  22.83  15.99  41.77  17  0.35  195603  58593
18      2      404.972236      74.77      2932.00      12.33      159  3  31.73  14.96  40.68  18  0.31  188582  71777
18      1      404.972240      50.05      2586.67      324.33      113  35  22.31  11.57  38.72  18  0.34  199299  84960
18      6      404.972241      101.93      638.67      200.00      46  18  13.98  27.53  46.80  15  0.30  297791  161132
18      4      404.972243      77.51      2487.67      144.67      162  20  36.84  19.65  43.41  18  0.33  198745  119384
18      5      404.972247      60.12      1917.00      239.67      107  32  22.49  15.20  41.38  18  0.35  211966  19775
19      4      407.252534      80.26      3291.33      393.33      130  43  35.09  14.31  40.55  19  0.33  185815  113525
19      1      407.252537      54.02      3665.67      26.67      92  4  29.75  10.53  38.19  19  0.34  189324  8056
19      6      407.252544      76.29      434.67      79.67      14  5  7.29  21.00  44.48  16  0.30  301341  161132
19      5      407.252549      56.76      2012.33      429.33      68  36  19.85  12.85  39.88  19  0.35  195566  93750
20      1      408.605254      66.22      2781.67      22.67      91  3  21.01  10.36  37.56  20  0.34  185886  93750
20      2      408.605254      70.80      2880.67      220.67      141  27  28.13  13.28  39.79  19  0.31  181965  8056
20      5      408.605258      64.09      1983.33      292.67      71  28  20.53  14.08  40.30  20  0.35  183564  94482
20      4      408.605262      98.57      3265.67      48.00      130  7  39.77  17.94  41.71  20  0.33  177864  128173
20      6      408.605263      82.70      932.00      216.67      33  23  15.44  21.90  44.38  17  0.30  277823  162597
21      1      409.278780      50.05      1939.33      61.67      75  6  14.79  10.10  37.65  21  0.34  203914  43945
21      4      409.278784      55.24      2149.67      72.67      86  10  22.19  13.59  40.27  21  0.33  199307  117919
21      5      409.278784      57.68      1314.67      35.00      49  5  12.42  12.39  39.51  21  0.35  205114  96679
21      6      409.278788      56.15      673.33      0.33      14  1  10.96  19.85  44.23  18  0.30  328848  164062
21      2      409.278789      53.41      4144.33      170.33      111  21  26.49  9.09  36.11  20  0.31  193295  8056
22      4      410.421497      149.54      3973.33      465.00      258  59  70.95  26.32  45.03  22  0.33  184455  113525
22      5      410.421498      145.57      3206.00      35.67      187  4  53.35  23.29  44.42  22  0.35  177253  19775
22      1      410.421503      99.18      3711.67      79.00      199  14  44.18  17.45  41.51  22  0.34  182997  71777
22      2      410.421504      114.75      4552.67      314.67      244  45  57.62  19.39  42.04  21  0.31  192892  47607
22      6      410.421510      140.69      1424.67      293.67      132  41  36.49  32.93  48.16  19  0.30  260597  160400
23      2      410.726951      65.31      2064.00      16.67      71  3  14.88  9.67  37.16  22  0.31  204092  121582
23      4      410.726955      69.58      1609.67      183.00      98  18  21.94  18.03  42.69  23  0.33  189792  119384
23      5      410.726961      39.06      979.33      13.00      25  3  8.06  10.45  38.30  23  0.35  213045  17578
23      6      410.726963      68.97      652.33      13.67      16  3  9.86  19.17  43.58  20  0.30  311571  155273
24      1      410.971490      50.96      1940.00      45.00      92  6  18.21  12.40  39.45  23  0.34  186964  43945
24      4      410.971493      74.77      2175.00      230.33      124  29  28.64  17.23  42.39  24  0.33  192128  126708
24      2      410.971496      70.50      2405.00      5.33      123  2  24.61  13.99  40.20  23  0.31  181966  47607
24      6      410.971496      74.77      445.33      276.67      30  14  9.44  25.43  46.52  21  0.30  310039  158203
24      5      410.971498      66.22      1418.33      30.33      74  6  17.05  15.68  41.59  24  0.35  189453  96679
25      2      411.148534      78.13      2836.00      35.33      160  4  33.31  16.55  41.39  24  0.31  162811  109863
25      1      411.148536      64.09      2836.33      176.00      115  17  27.55  13.62  39.75  24  0.34  166416  100341
25      4      411.148536      137.02      2303.00      238.00      176  28  39.68  22.74  44.72  25  0.33  166754  113525
25      6      411.148543      75.07      711.67      81.33      33  10  13.30  23.73  45.43  22  0.30  250649  161132
25      5      411.148548      77.82      2481.00      91.33      105  9  30.95  16.86  41.92  25  0.35  163528  19775
26      4      411.257657      49.74      1796.67      229.33      55  18  16.67  12.17  39.35  26  0.33  206782  125244
26      2      411.257660      43.33      1283.00      56.33      61  7  10.74  10.76  38.46  25  0.31  202644  115722
26      5      411.257660      38.15      807.00      91.33      20  6  6.97  10.96  38.73  26  0.35  217204  96679
26      1      411.257667      33.57      931.33      72.00      20  6  6.45  8.74  36.81  25  0.34  203215  93750
26      6      411.257673      43.33      264.33      263.33      2  1  3.52  16.55  42.49  23  0.30  342330  164062
27      1      411.754020      36.93      1548.33      23.33      43  3  11.63  9.79  37.52  26  0.34  192214  100341
27      6      411.754022      57.98      413.00      91.33      8  3  6.03  18.31  43.28  24  0.30  305413  164062
27      4      411.754023      70.80      1694.33      229.67      76  24  18.82  14.61  40.91  27  0.33  200794  125244
27      5      411.754027      43.33      1419.00      135.67      44  15  13.23  11.93  39.39  27  0.35  193930  19775
27      2      411.754029      50.35      1474.00      18.00      84  3  14.86  13.12  40.07  26  0.31  188210  109863
28      4      411.807164      41.20      828.33      489.67      36  24  8.69  13.32  40.41  28  0.33  222185  117187
28      1      411.807168      37.54      378.67      57.67      8  4  2.44  8.55  36.20  27  0.34  251149  87890
28      6      411.807168      45.47      88.00      80.67      3  2  1.32  18.93  43.54  25  0.30  384252  164062
28      5      411.807177      39.98      544.33      41.00      8  5  4.10  9.74  37.53  28  0.35  241361  181640
29      1      412.106832      47.61      1893.00      1.00      82  1  15.83  11.16  38.45  28  0.34  204218  102539
29      2      412.106837      57.07      2544.67      28.33      118  4  23.25  12.68  39.22  27  0.31  197768  181640
29      6      412.106837      63.17      632.67      85.67      25  5  10.69  21.16  44.56  26  0.30  318071  158203
29      4      412.106838      68.36      2211.33      82.67      120  11  28.75  17.30  42.27  29  0.33  204060  117187
29      5      412.106839      65.31      1267.00      62.00      72  9  15.14  15.66  41.55  29  0.35  211339  99609
30      2      412.118816      66.22      2300.67      34.33      131  4  21.75  12.79  39.51  28  0.31  208328  177978
30      4      412.118823      64.39      3622.33      96.67      124  13  36.19  14.37  39.99  30  0.33  191511  119384
30      1      412.118825      46.08      1568.33      10.33      74  3  12.47  10.16  38.00  29  0.34  216174  186035
30      6      412.118826      76.90      688.00      0.33      12  1  9.69  17.93  42.97  27  0.30  324671  158203
30      5      412.118830      50.05      1421.00      261.00      84  30  16.15  14.59  41.11  30  0.35  209887  180908
31      2      413.595104      72.33      2099.00      20.33      91  4  16.96  11.07  38.15  29  0.31  197680  160400
31      4      413.595104      62.87      2289.67      32.33      93  5  23.81  14.22  40.34  31  0.33  201563  111328
31      1      413.595106      49.13      1743.00      152.67      56  15  11.82  9.19  36.63  30  0.34  212757  74707
31      6      413.595107      89.42      468.33      50.67      15  8  7.65  20.50  44.26  28  0.30  301488  158203
31      5      413.595111      53.41      1410.33      45.00      48  7  13.31  12.16  39.49  31  0.35  213151  180175
32      4      413.642092      39.98      1053.33      91.00      27  8  8.82  10.66  38.46  32  0.33  240723  114257
32      2      413.642097      38.45      780.33      19.00      32  2  5.77  9.39  37.38  30  0.31  218088  65917
32      5      413.642103      30.82      695.67      28.00      11  4  4.85  8.77  36.87  32  0.35  225622  178710
32      1      413.642104      29.91      718.67      33.00      15  3  4.39  7.88  35.72  31  0.34  219752  74707
33      2      414.381300      55.24      3575.33      66.33      92  7  21.79  8.99  35.70  31  0.31  186670  180175
33      4      414.381301      68.36      2296.33      309.67      98  33  24.45  14.40  40.54  33  0.33  181891  117919
33      1      414.381301      49.44      1211.33      161.67      61  15  10.40  11.22  38.67  32  0.34  188774  98144
33      6      414.381302      74.46      463.67      50.67      14  7  7.43  20.34  44.09  29  0.30  273507  161132
33      5      414.381303      39.98      1320.67      67.67      44  7  12.74  12.30  39.69  33  0.35  182094  109863
34      2      414.468984      57.07      1392.67      1.33      49  1  9.83  9.29  36.98  32  0.31  211807  180175
34      4      414.468985      49.13      1271.33      6.33      56  2  12.59  12.73  39.91  34  0.33  217170  118652
34      1      414.468985      33.57      860.67      144.67      34  6  5.95  9.01  36.79  33  0.34  213454  1464
34      6      414.468991      60.42      46.33      45.33      4  4  0.87  22.98  45.52  30  0.30  356571  304687
34      5      414.468991      36.01      703.00      62.67      27  7  6.11  10.81  38.78  34  0.35  231611  180175
35      4      414.527418      36.01      1021.00      174.67      29  13  9.05  11.16  38.95  35  0.33  232208  117187
35      1      414.527423      36.01      694.33      1.00      19  1  4.27  8.05  35.78  34  0.34  235755  71777
35      2      414.527424      34.18      1289.00      16.00      32  3  8.47  8.47  36.35  33  0.31  223658  112792
35      5      414.527432      34.48      995.33      42.33      9  4  6.54  8.38  36.36  35  0.35  229083  89355
36      2      414.544110      95.21      3958.67      22.33      181  4  39.20  14.78  39.91  34  0.31  171978  113525
36      4      414.544111      130.62      4179.33      59.00      190  9  52.94  18.86  42.05  36  0.33  170440  112792
36      1      414.544112      60.12      2439.33      202.33      122  23  23.56  12.90  39.70  35  0.34  182598  93750
36      6      414.544120      95.21      1110.33      93.33      48  15  20.84  24.87  45.46  31  0.30  281713  164062
36      5      414.544123      79.04      3136.33      139.00      104  15  32.59  14.97  40.33  36  0.35  178534  93750
37      2      415.119621      59.51      2873.67      21.67      139  4  24.81  11.75  38.72  35  0.31  199049  113525
37      1      415.119622      39.67      2906.67      202.67      81  29  18.21  8.43  35.94  36  0.34  220888  93750
37      4      415.119624      84.23      2986.00      59.67      128  12  33.22  15.34  40.93  37  0.33  201781  128173
37      6      415.119630      85.75      793.67      222.33      30  22  12.89  21.08  44.21  32  0.30  305467  164062
37      5      415.119635      52.80      1398.00      44.00      66  6  14.59  13.67  40.37  37  0.35  221352  97412
38      2      415.377575      43.95      1116.33      18.33      33  3  7.19  8.39  36.18  36  0.31  226271  101074
38      4      415.377575      38.45      1045.00      92.00      33  8  8.94  10.96  38.64  38  0.33  236946  128906
38      6      415.377580      52.49      46.33      0.00      2  0  0.70  18.17  43.60  33  0.30  419596  304687
38      5      415.377581      32.04      702.00      62.33      11  4  5.22  9.25  37.42  38  0.35  247544  180175
38      1      415.377588      33.26      681.67      33.00      26  4  4.40  8.30  36.21  37  0.34  224006  96679
39      4      415.960552      106.20      5232.33      314.00      264  44  65.52  17.14  41.95  39  0.33  190810  117919
39      2      415.960553      90.94      4912.33      25.33      235  5  50.27  14.17  40.20  37  0.31  179870  74707
39      6      415.960555      72.63      1977.00      123.00      28  5  26.81  17.29  42.64  34  0.30  285485  154541
39      5      415.960561      64.70      4423.33      345.67      141  38  43.70  13.33  39.89  39  0.35  184263  78369
39      1      415.960565      66.22      4476.00      44.00      171  3  36.46  11.13  38.22  38  0.34  187148  74707
40      4      417.495317      240.17      5160.67      66.67      335  10  83.95  24.15  44.22  40  0.33  197311  112792
40      5      417.495317      123.90      4718.67      452.33      223  65  58.76  18.37  41.90  40  0.35  202012  180175
40      2      417.495318      148.62      5542.00      24.67      342  3  67.11  18.19  41.66  38  0.31  194367  113525
40      1      417.495321      98.57      4789.67      23.00      247  5  46.82  14.43  39.80  39  0.34  200159  43945
40      6      417.495330      164.80      1559.33      41.33      121  9  38.79  33.78  47.91  35  0.30  268836  160400
41      6      418.144866      84.53      470.00      425.67      27  22  9.12  24.53  45.76  36  0.30  312755  161132
41      1      418.144869      49.44      2436.67      27.33      95  5  17.95  9.77  37.35  40  0.34  209666  185302
41      4      418.144869      71.11      3415.33      295.33      148  32  37.70  15.50  40.86  41  0.33  193142  117187
41      5      418.144873      51.88      2226.33      216.33      73  18  20.94  12.32  39.47  41  0.35  210287  19775
42      2      418.352660      92.16      3682.00      18.67      165  4  30.52  12.00  38.37  39  0.31  211693  103271
42      6      418.352664      117.19      1065.00      52.00      71  10  22.66  26.99  46.56  37  0.30  307574  162597
42      1      418.352665      70.50      3250.33      33.33      105  6  22.60  10.39  36.85  41  0.34  206674  93017
42      4      418.352665      99.79      3630.33      6.33      158  2  40.32  15.88  40.91  42  0.33  210804  119384
42      5      418.352668      64.09      1895.67      63.33      112  9  21.61  15.20  41.13  42  0.35  217059  97412
43      6      419.024903      84.84      1864.00      282.33      49  25  29.63  20.79  44.02  38  0.30  287152  160400
43      1      419.024903      61.34      3751.67      41.67      151  7  30.26  11.06  38.13  42  0.34  189758  181640
43      4      419.024903      79.65      6013.67      246.67      212  27  58.57  13.91  39.77  43  0.33  208085  189697
43      5      419.024905      67.14      3858.67      140.33      130  19  36.29  13.01  39.47  43  0.35  201654  97412
43      2      419.024915      53.10      4864.33      1.00      213  1  44.17  12.68  39.16  40  0.31  188282  113525
44      4      419.053162      87.28      1897.00      58.00      87  6  22.67  15.82  41.55  44  0.33  182610  112792
44      1      419.053169      33.87      1985.67      198.33      56  18  14.22  9.33  37.10  43  0.34  189517  93750
44      5      419.053173      44.86      1765.00      29.33      48  5  16.18  12.14  39.24  44  0.35  190162  93750
44      6      419.053175      57.68      340.00      0.33      8  1  5.40  19.63  44.01  39  0.30  321934  158203
45      1      419.423803      89.42      3180.67      63.67      133  11  28.72  12.69  39.11  44  0.34  194328  72509
45      4      419.423804      94.30      3068.67      231.00      168  32  41.65  18.87  42.65  45  0.33  191292  125244
45      6      419.423805      96.44      1174.67      282.33      74  33  23.99  26.19  46.20  40  0.30  292034  161132
45      5      419.423806      84.53      1995.33      35.33      109  7  24.46  16.72  41.77  45  0.35  197305  57861
46      4      419.479287      150.15      6594.00      74.33      264  9  82.15  18.69  41.91  46  0.33  176572  112792
46      2      419.479291      130.00      6806.33      22.00      300  4  71.80  15.26  40.46  41  0.31  172819  113525
46      1      419.479293      68.97      4422.33      196.33      206  27  42.66  13.05  39.69  45  0.34  181371  8056
46      6      419.479301      93.69      2004.67      112.33      79  18  37.14  23.87  45.35  41  0.30  275135  164062
46      5      419.479304      84.84      2947.00      32.00      167  4  41.72  19.21  43.02  46  0.35  174709  177978
47      4      419.622262      62.87      2598.00      201.67      92  20  27.19  14.16  40.39  47  0.33  171647  112792
47      1      419.622265      40.28      2828.00      197.67      61  14  17.67  8.05  35.92  46  0.34  195140  8056
47      6      419.622270      53.71      720.00      13.00      14  3  9.37  16.53  42.28  42  0.30  280330  161132
47      5      419.622273      45.17      969.00      32.00      42  5  9.95  13.27  40.23  47  0.35  184794  93750
48      1      421.242704      118.10      5472.00      34.33      256  6  52.10  13.76  39.57  47  0.34  186023  74707
48      6      421.242705      108.64      3947.67      69.67      102  12  52.48  18.40  42.47  43  0.30  276704  160400
48      4      421.242707      107.73      5600.00      247.33      338  34  78.14  19.20  42.89  48  0.33  190605  112060
48      5      421.242707      95.52      4374.33      39.00      224  8  53.45  16.70  41.74  48  0.35  204947  97412
49      2      421.692925      58.59      2422.00      26.00      90  5  18.23  10.00  37.53  42  0.31  193990  109863
49      4      421.692926      54.93      2337.00      128.67      105  16  26.14  14.29  40.97  49  0.33  187263  116455
49      1      421.692943      40.89      1289.33      145.33      41  10  9.39  9.31  37.24  48  0.34  211383  84960
49      5      421.692953      49.13      1074.00      104.00      35  10  10.13  11.88  39.49  49  0.35  205586  95214
49      6      421.692954      63.78      110.33      96.67      5  3  1.90  21.12  44.72  44  0.30  337360  152343
50      4      422.052026      47.30      12287.00      21.33      483  4  132.25  14.81  40.64  50  0.33  208222  117187
50      2      422.052028      35.40      12534.00      22.33      511  3  102.89  11.58  38.28  43  0.31  212869  181640
50      1      422.052033      38.76      850.67      1.33      33  1  5.50  8.42  36.22  49  0.34  229901  186035
50      5      422.052040      31.13      796.33      67.67      11  4  5.87  9.22  37.34  50  0.35  218383  93750
51      4      422.326839      54.93      10367.33      47.67      412  5  124.16  18.45  41.56  51  0.33  211029  112792
51      2      422.326842      38.15      10685.67      192.67      403  18  96.76  14.06  39.14  44  0.31  220538  113525
51      5      422.326868      39.06      2902.67      265.67      70  12  23.32  10.53  38.10  51  0.35  228234  106201
51      6      422.326873      55.54      1388.00      0.33      4  1  10.84  10.41  37.85  45  0.30  331381  161132
52      4      422.927483      161.13      10843.67      102.00      532  14  149.77  20.87  42.80  52  0.33  176134  113525
52      5      422.927484      117.80      9831.33      153.67      324  23  101.02  15.11  40.23  52  0.35  173791  106201
52      1      422.927487      86.36      9725.33      23.67      392  5  79.95  11.90  38.30  50  0.34  186307  184570
52      2      422.927487      126.65      57322.00      222.00      2129  36  516.76  15.36  39.10  45  0.31  179933  108398
52      6      422.927495      106.20      3988.00      86.00      178  16  68.37  24.17  44.68  46  0.30  263197  154541
53      4      423.996467      61.65      17500.00      17.00      461  3  152.36  11.64  38.80  53  0.33  207849  115722
53      6      423.996468      55.85      484.67      465.00      12  10  6.99  18.24  43.18  47  0.30  305853  161132
53      5      423.996472      46.08      5069.67      12.00      60  2  32.16  8.38  36.05  53  0.35  215037  97412
53      1      423.996474      30.52      15399.00      11.33      194  2  74.13  6.45  33.66  51  0.34  218981  105468
54      5      424.046745      341.19      6744.33      257.67      444  33  175.07  43.04  48.28  54  0.35  159972  97412
54      6      424.046754      308.23      4857.67      432.33      323  81  153.49  50.58  49.99  48  0.30  238543  162597
54      1      424.046756      275.57      6928.33      80.33      437  8  143.27  33.85  46.31  52  0.34  158656  93750
54      3      424.046797      46.08      1535.00      413.67      121  53  15.68  13.08  40.18  1  0.01  216747  174316
55      2      424.609254      60.12      13421.33      176.67      315  22  83.84  8.42  35.92  46  0.31  200044  184570
55      1      424.609262      42.11      12974.00      52.00      148  8  62.56  6.44  33.67  53  0.34  221522  181640
55      5      424.609262      45.17      11516.33      181.00      103  19  70.09  8.02  35.69  55  0.35  218164  95947
55      6      424.609268      71.11      443.33      325.33      27  22  8.26  23.63  45.40  49  0.30  321800  161132
56      5      432.390841      40.28      1470.67      168.67      50  12  13.17  11.22  39.04  56  0.35  196239  37353
56      1      432.390845      33.87      2037.00      1.67      39  1  11.98  7.59  35.39  54  0.34  197023  75439
56      6      432.390849      43.33      973.00      0.00      2  0  10.30  13.29  40.49  50  0.30  283381  159667
56      2      432.390857      46.08      19229.33      1.33      638  1  139.95  11.30  37.24  47  0.31  189872  183105
57      1      432.413671      169.98      8556.00      44.67      403  8  94.93  18.51  40.90  55  0.34  175632  184570
57      5      432.413674      147.71      6269.33      288.33      370  39  101.29  24.17  44.16  57  0.35  171035  178710
57      6      432.413677      303.96      5723.00      86.00      206  15  113.70  32.07  45.96  51  0.30  221439  163330
57      3      432.413726      37.84      848.00      252.00      44  24  6.96  10.64  38.28  2  0.01  208853  169921
58      2      432.593470      39.98      45894.67      285.33      3320  58  3936.48  342.72  58.66  48  0.31  201598  112792
58      1      432.593475      35.40      31139.00      62.67      2087  8  2777.58  309.56  59.00  56  0.34  233130  87890
58      5      432.593479      72.33      41509.33      209.00      2444  39  3987.29  362.54  59.65  58  0.35  230253  258544
58      6      432.593480      87.59      4864.00      26.67      169  3  77.65  21.07  44.06  52  0.30  291465  164062
59      4      432.665169      57.37      1932.67      1.00      63  1  17.93  12.65  39.35  54  0.33  192435  116455
59      5      432.665175      39.37      1175.00      282.00      36  18  10.24  11.07  38.81  59  0.35  229202  180175
59      6      432.665175      43.64      1.00      0.00      1  0  0.02  29.68  47.56  53  0.30  0  0
59      2      432.665176      54.63      1644.67      32.00      75  6  13.71  11.13  38.42  49  0.31  191858  179443
59      1      432.665180      35.10      1282.67      61.00      33  8  8.08  8.26  35.99  57  0.34  218522  186035
60      4      432.672793      53.10      1476.33      63.67      84  8  18.04  15.26  41.74  55  0.33  177455  112792
60      2      432.672799      59.81      3676.33      407.67      91  42  23.69  9.32  36.18  50  0.31  181560  185302
60      1      432.672800      37.23      1458.33      1.33      50  1  10.33  9.40  37.01  58  0.34  194710  84228
60      5      432.672803      46.08      1284.00      14.67      49  2  12.22  12.08  39.56  60  0.35  184493  92285
60      6      432.672810      54.63      250.33      33.00      9  3  3.90  19.73  43.85  54  0.30  269094  152343
61      2      433.014990      48.52      29412.67      1.67      1136  1  311.90  19.53  40.51  51  0.31  193370  52734
61      5      433.014991      40.59      10999.67      0.67      627  1  198.04  27.80  45.10  61  0.35  209841  94482
61      1      433.014998      38.15      10915.67      1.33      708  1  162.41  23.16  43.45  59  0.34  202162  75439
61      6      433.015003      57.98      43.00      30.00      5  3  1.00  27.47  47.36  55  0.30  255635  164062
62      4      433.047765      40.28      3365.33      340.33      77  15  27.08  10.75  38.11  56  0.33  202204  124511
62      1      433.047767      42.11      3297.33      345.67      61  28  17.60  7.42  34.55  60  0.34  206933  69580
62      6      433.047775      50.35      362.00      0.00      3  0  4.60  15.84  42.08  56  0.30  348327  161132
62      5      433.047779      46.08      3309.33      330.33      45  14  22.79  9.17  36.76  62  0.35  200316  67382
63      2      434.223532      110.17      14152.33      76.33      592  10  142.35  16.65  40.05  52  0.31  167249  104003
63      4      434.223532      148.32      7254.00      80.67      543  13  147.85  29.72  46.18  57  0.33  191759  191162
63      1      434.223542      77.51      10404.33      98.67      420  11  100.77  14.87  39.72  61  0.34  165845  82763
63      5      434.223545      63.17      6625.00      453.33      366  41  102.15  21.04  43.76  63  0.35  181349  83496
63      6      434.223548      74.16      5349.33      165.67      160  9  83.56  21.45  43.87  57  0.30  262242  162597
64      4      434.327456      196.84      5604.33      10.33      357  2  99.81  27.60  45.01  58  0.33  171490  110595
64      5      434.327460      127.56      5134.00      9.33      261  2  72.92  20.17  43.04  64  0.35  172664  95947
64      1      434.327468      134.28      4845.33      17.33      283  3  56.05  16.98  41.26  62  0.34  177809  73974
64      6      434.327469      155.64      4140.33      33.00      129  6  62.04  22.17  43.51  58  0.30  262906  161865
65      4      434.412436      382.39      14562.67      31.00      877  5  275.79  34.18  45.54  59  0.33  175662  124511
65      2      434.412436      355.53      14634.00      57.00      873  9  214.56  26.67  43.32  53  0.31  172927  104003
65      1      434.412456      147.71      4369.33      75.00      332  11  74.07  25.60  44.58  63  0.34  183644  82763
65      5      434.412457      219.42      4523.00      326.67      285  43  94.53  31.57  46.40  65  0.35  159540  104003
65      6      434.412464      190.73      3656.00      235.33      230  35  97.75  39.49  48.54  59  0.30  211966  156738
66      4      434.591542      101.93      3094.00      37.33      145  3  42.25  19.15  42.70  60  0.33  155863  11718
66      2      434.591546      74.16      3474.00      140.00      141  14  37.52  14.85  40.67  54  0.31  150201  50537
66      1      434.591549      65.61      2559.00      80.00      114  9  27.41  14.37  40.59  64  0.34  146171  97412
66      5      434.591550      86.36      2317.00      30.00      99  5  32.72  18.73  42.99  66  0.35  146946  37353
66      6      434.591557      93.99      540.67      19.33      13  4  8.77  21.61  44.20  60  0.30  270189  155273
67      1      434.651083      336.61      9586.00      340.33      667  61  212.63  38.39  46.92  65  0.34  195797  79101
67      5      434.651088      488.28      9687.33      62.33      601  10  263.93  48.32  48.70  67  0.35  188578  95947
67      6      434.651093      494.08      3246.67      115.67      350  32  148.10  72.69  53.18  61  0.30  297657  162597
67      3      434.651120      82.09      2773.33      249.33      149  27  29.60  14.50  40.56  3  0.01  167354  13183
68      2      434.809280      103.15      3713.00      306.00      285  47  47.41  17.45  42.12  55  0.31  195861  99609
68      4      434.809287      149.84      3892.33      336.67      301  50  64.93  23.16  44.44  61  0.33  194249  119384
68      6      434.809287      354.92      1855.33      38.00      234  12  57.12  44.58  49.76  62  0.30  308976  312011
68      5      434.809288      124.82      3214.67      82.33      278  26  52.02  21.88  44.18  68  0.35  224246  95214
68      1      434.809289      102.84      3138.67      50.00      306  12  39.52  17.91  42.00  66  0.34  237910  311279
69      2      434.951216      76.60      4914.00      155.00      157  24  34.04  10.36  36.81  56  0.31  195177  183837
69      1      434.951227      56.76      1770.00      11.67      75  2  13.81  10.48  37.84  67  0.34  216407  84228
69      6      434.951237      81.79      822.67      27.67      33  3  13.42  21.67  44.24  63  0.30  300752  164062
69      5      434.951239      60.73      1997.33      54.33      76  8  19.53  12.79  39.80  69  0.35  216487  96679
70      4      435.147512      146.48      4159.00      312.67      251  38  72.51  26.44  44.82  62  0.33  162388  118652
70      5      435.147516      82.40      3357.33      431.00      153  45  45.82  19.40  42.70  70  0.35  163852  94482
70      6      435.147520      90.64      1204.67      345.00      58  34  23.11  25.11  45.65  64  0.30  272326  162597
70      1      435.147522      75.99      3409.33      382.00      143  38  36.11  15.01  40.50  68  0.34  163906  94482
71      4      435.212734      156.56      5675.33      204.67      249  27  71.93  20.27  42.06  63  0.33  175258  116455
71      2      435.212736      110.17      5715.00      27.00      226  4  51.70  14.37  39.13  57  0.31  178183  185302
71      5      435.212737      85.45      3234.67      18.67      149  3  36.31  16.32  41.00  71  0.35  182816  179443
71      1      435.212739      65.92      5662.33      270.33      158  32  37.26  10.15  36.37  69  0.34  187006  183105
71      6      435.212743      200.50      1452.67      70.67      89  17  32.64  31.95  47.03  65  0.30  243857  159667
72      4      435.354100      37.23      1820.00      27.67      33  3  13.98  9.75  37.71  64  0.33  203232  732
72      2      435.354105      38.45      9222.00      6.33      448  2  117.93  22.74  42.13  58  0.31  189793  52734
72      1      435.354112      38.15      445.00      55.67      18  5  3.30  9.91  37.41  70  0.34  200674  73242
72      5      435.354115      33.87      839.33      11.33      13  2  6.37  9.55  37.61  72  0.35  207879  96679
72      6      435.354123      47.30      19.67      18.67      2  2  0.33  20.98  44.46  66  0.30  441390  187500
73      5      435.484110      35.10      1701.67      45.33      17  3  11.25  8.50  36.41  73  0.35  204145  37353
73      4      435.484110      51.27      2661.67      17.00      102  3  26.63  13.16  40.00  65  0.33  197975  117919
73      1      435.484112      39.37      2227.33      11.67      27  2  11.54  6.71  34.30  71  0.34  210371  183105
73      2      435.484112      45.47      2490.67      54.00      59  6  15.87  8.35  36.09  59  0.31  201712  52734
74      2      435.601677      134.28      8051.33      27.67      277  4  61.36  12.54  37.64  60  0.31  208451  179443
74      4      435.601684      133.36      9079.00      65.67      265  12  93.45  17.09  40.25  66  0.33  206973  125976
74      1      435.601687      71.41      4335.33      65.00      156  11  32.40  11.05  37.47  72  0.34  190518  180908
74      5      435.601691      80.26      4181.67      28.00      130  3  34.76  11.99  38.39  74  0.35  189291  180175
74      6      435.601695      86.36      1197.00      110.67      73  15  26.59  27.94  46.93  67  0.30  266184  164062
75      2      435.703271      64.70      8512.00      435.00      398  57  78.18  12.74  39.26  61  0.31  191171  178710
75      4      435.703271      86.67      11337.67      205.67      392  27  111.50  14.52  39.85  67  0.33  195999  112792
75      5      435.703275      81.18      7179.33      44.33      263  8  72.26  13.67  40.05  75  0.35  200389  180908
75      1      435.703276      65.61      7730.67      24.67      301  5  60.26  10.74  37.84  73  0.34  222991  83496
75      6      435.703284      96.74      3695.00      213.00      70  28  47.81  18.11  42.24  68  0.30  290798  161865
76      5      435.728500      350.95      13256.00      66.33      824  12  574.09  79.83  52.73  76  0.35  178385  98144
76      1      435.728505      223.39      13088.67      243.00      864  43  433.93  61.69  50.41  74  0.34  186572  98144
76      6      435.728508      393.68      6762.33      150.00      837  34  460.41  107.52  56.66  69  0.30  257344  157470
76      3      435.728548      55.24      6283.33      103.33      438  17  85.58  19.62  42.68  4  0.01  212882  13183
77      2      435.768839      44.86      6061.67      7.00      367  2  71.29  17.00  41.41  62  0.31  239817  112060
77      4      435.768839      60.42      6128.33      43.33      390  5  96.02  22.53  43.90  68  0.33  225491  117919
77      6      435.768849      41.81      4112.67      13.67      128  1  61.21  21.03  43.45  70  0.30  330763  160400
77      1      435.768850      37.54      5529.00      51.33      264  5  50.49  12.55  39.21  75  0.34  273163  74707
77      5      435.768854      43.03      4909.33      57.33      254  5  62.53  17.53  42.10  77  0.35  223944  180175
78      2      436.038514      43.64      1036.67      21.33      57  4  8.53  10.68  38.31  63  0.31  251615  51269
78      4      436.038514      60.42      1143.00      146.00      58  18  12.25  13.73  40.60  69  0.33  237521  117187
78      5      436.038521      39.06      1125.33      99.00      17  5  7.72  8.73  36.72  78  0.35  241313  36621
78      1      436.038522      32.35      730.67      30.00      30  5  4.90  8.73  36.54  76  0.34  239296  96679
79      1      436.245585      172.73      3572.67      49.67      367  10  51.90  22.27  43.24  77  0.34  231134  215332
79      5      436.245585      151.37      4067.33      41.67      384  9  67.02  24.92  44.33  79  0.35  236398  261474
79      2      436.245592      96.74      4057.00      81.00      383  14  55.02  18.78  42.64  64  0.31  210955  183105
79      6      436.245594      434.57      2813.67      57.00      270  15  81.84  44.83  49.27  71  0.30  284120  163330
79      4      436.245601      147.71      3992.00      119.00      374  26  72.12  25.62  45.13  70  0.33  210925  117187
80      5      436.467861      37.54      1178.00      45.67      34  4  10.53  11.50  39.02  80  0.35  174402  65917
80      4      436.467861      54.02      1383.33      33.33      69  5  17.55  16.89  42.06  71  0.33  171205  117919
80      1      436.467868      46.39      1498.33      11.67      34  2  9.84  8.52  36.35  78  0.34  185464  97412
80      2      436.467871      37.54      1619.33      82.00      59  8  13.00  10.65  38.09  65  0.31  174019  52734
81      4      436.484584      57.98      1846.67      341.00      77  30  19.92  14.30  40.66  72  0.33  187924  124511
81      2      436.484584      55.54      1708.00      172.33      97  17  16.89  13.18  39.90  66  0.31  169733  132568
81      5      436.484589      44.25      1415.00      114.67      50  11  13.92  12.49  39.85  81  0.35  173675  95947
81      1      436.484593      38.15      1181.67      24.33      44  3  9.62  10.43  38.21  79  0.34  203894  80566
82      4      436.509222      124.51      5973.67      497.67      256  40  76.52  20.90  42.15  73  0.33  149323  114257
82      2      436.509227      71.72      9233.33      12.00      259  2  69.72  12.43  37.56  67  0.31  164245  179443
82      1      436.509232      47.91      3523.33      491.33      162  26  36.90  14.79  40.40  80  0.34  159980  73974
82      5      436.509232      83.31      3508.67      491.33      160  23  44.94  17.69  42.15  82  0.35  160564  95947
82      6      436.509235      101.01      1656.33      497.00      30  4  23.31  19.31  42.96  72  0.30  265222  161132
83      4      436.957082      130.62      5548.67      42.67      399  6  103.63  27.69  45.42  74  0.33  180793  116455
83      2      436.957084      84.84      6275.33      447.67      389  50  82.30  20.00  42.35  68  0.31  181445  45410
83      5      436.957088      98.57      4442.67      107.00      278  10  72.19  21.80  44.21  83  0.35  158665  74707
83      1      436.957091      99.18      3907.00      46.33      304  4  52.88  18.57  42.63  81  0.34  183615  74707
83      6      436.957098      134.89      3137.00      52.33      163  6  60.88  25.41  45.76  73  0.30  261739  156738
84      4      437.094162      175.48      3300.67      126.67      240  16  68.62  30.67  46.35  75  0.33  175124  116455
84      2      437.094168      99.18      3360.33      47.00      227  9  38.60  16.64  41.20  69  0.31  187807  168457
84      5      437.094169      72.33      2234.67      291.33      149  40  27.00  16.23  41.64  84  0.35  207288  176513
84      1      437.094171      64.70      2063.67      53.00      173  10  22.51  14.86  40.75  82  0.34  208415  188232
84      6      437.094176      124.51      1155.67      55.67      76  10  24.39  27.46  46.48  74  0.30  271217  162597
85      4      437.177946      75.07      5296.67      64.67      150  9  50.41  13.97  39.57  76  0.33  180499  123779
85      5      437.177947      59.20      1701.00      45.33      71  5  18.66  14.14  40.80  85  0.35  190428  73242
85      1      437.177949      59.51      1694.67      204.00      82  20  15.95  12.62  39.47  83  0.34  186357  73242
85      2      437.177951      110.17      5512.33      55.67      134  7  38.31  10.36  36.84  70  0.31  174821  73242
85      6      437.177959      74.77      664.00      337.33      24  18  10.33  20.53  43.83  75  0.30  321299  164062
86      4      437.455951      60.73      4067.00      441.33      129  41  40.58  13.34  39.98  77  0.33  173798  125976
86      5      437.455956      57.07      2357.00      401.67      57  18  20.40  11.39  38.74  86  0.35  176869  37353
86      1      437.455956      58.90      3008.67      24.67      65  3  19.35  8.89  36.17  84  0.34  179860  90087
86      2      437.455956      67.14      2950.33      33.00      127  6  26.44  12.29  39.05  71  0.31  174930  73242
86      6      437.455966      57.98      613.67      163.67      8  3  8.04  16.77  42.34  76  0.30  288919  161132
87      4      437.617114      380.55      4471.33      230.00      341  29  157.95  59.40  50.96  78  0.33  147925  117187
87      5      437.617114      184.33      4244.00      274.00      225  27  96.23  34.36  47.11  87  0.35  135807  89355
87      2      437.617119      214.84      5079.33      10.00      313  2  96.90  30.24  45.61  72  0.31  152002  96679
87      1      437.617123      191.96      4545.67      199.00      257  23  82.59  28.31  45.18  85  0.34  136136  103271
87      6      437.617126      145.57      1802.67      180.33      125  28  48.06  35.37  48.51  77  0.30  221131  161132
88      4      437.625970      172.12      3276.00      101.33      232  14  62.36  28.07  45.59  79  0.33  167408  116455
88      5      437.625975      90.64      2265.00      445.33      155  56  35.32  21.42  43.85  88  0.35  177644  178710
88      6      437.625980      133.36      1453.67      0.67      90  1  33.68  31.39  47.29  78  0.30  250251  159667
88      1      437.625980      94.30      2357.33      41.33      171  7  28.65  16.35  41.69  86  0.34  181247  73242
89      2      437.778166      153.50      4854.67      71.67      227  9  56.79  19.15  41.36  73  0.31  161006  178710
89      4      437.778168      154.11      3368.33      62.67      230  10  68.21  30.74  46.12  80  0.33  162591  114990
89      1      437.778171      101.93      3039.67      203.33      165  24  34.95  16.40  41.21  87  0.34  176408  71777
89      5      437.778172      130.92      2510.33      83.67      157  15  38.28  20.78  43.66  89  0.35  176753  179443
89      6      437.778180      126.34      1185.33      38.67      88  7  28.85  31.43  47.72  79  0.30  261894  159667
90      2      437.976327      32.96      851.33      7.67      39  2  6.40  9.43  37.53  74  0.31  221000  109863
90      4      437.976331      43.95      868.33      52.67      36  6  8.95  13.06  40.26  81  0.33  222881  115722
90      1      437.976341      31.43      753.67      244.00      14  11  4.25  7.33  35.04  88  0.34  239976  74707
90      5      437.976342      31.13      422.67      98.67      7  4  3.01  9.30  37.07  90  0.35  256218  184570
91      2      438.208121      178.22      3867.67      69.33      274  8  69.88  25.87  45.13  75  0.31  158562  73242
91      4      438.208123      150.45      3914.33      268.00      277  34  79.38  28.75  46.14  82  0.33  157028  125976
91      5      438.208125      152.89      4495.33      84.00      218  10  72.24  23.66  44.12  91  0.35  150015  97412
91      1      438.208127      178.53      3817.33      54.33      231  7  60.94  24.73  44.06  89  0.34  152130  71777
91      6      438.208131      210.88      1999.67      6.67      125  2  49.28  35.26  47.83  80  0.30  240428  160400
92      4      438.219273      68.97      2455.67      383.33      99  37  28.58  16.14  41.32  83  0.33  175107  114990
92      2      438.219276      69.58      2424.33      2.00      108  1  21.68  12.50  39.03  76  0.31  165916  179443
92      5      438.219285      50.05      1621.00      349.67      57  31  15.87  12.61  39.81  92  0.35  184317  94482
92      6      438.219288      66.22      357.67      0.67      12  1  5.37  19.44  43.52  81  0.30  308136  161132
92      1      438.219292      44.25      2408.67      129.33      64  15  15.33  8.69  36.08  90  0.34  197025  90820
93      4      438.294913      88.20      2954.33      267.00      140  32  35.47  16.43  41.59  84  0.33  163304  125976
93      5      438.294916      66.53      2780.67      80.67      76  8  27.49  13.55  39.90  93  0.35  167934  97412
93      2      438.294918      86.67      2805.00      54.67      153  7  30.80  15.08  40.81  77  0.31  153480  73242
93      6      438.294923      98.27      871.33      75.33      28  12  15.09  22.88  44.77  82  0.30  255907  161132
94      2      438.521841      31.74      1065.67      413.67      48  34  8.05  9.57  37.57  78  0.31  196238  112792
94      4      438.521846      48.83      1433.67      80.00      43  8  13.01  11.86  39.15  85  0.33  197658  112792
94      1      438.521850      36.62      1091.00      20.33      18  3  6.39  7.80  35.36  91  0.34  192926  83496
94      5      438.521855      40.89      1003.00      28.67      21  4  8.25  10.40  38.30  94  0.35  212283  177246
95      4      438.596597      171.81      3798.33      55.67      315  7  81.26  29.96  46.60  86  0.33  172917  124511
95      2      438.596600      192.26      3564.67      88.00      320  13  63.96  25.80  45.07  79  0.31  166743  132568
95      1      438.596601      100.10      3602.67      126.67      253  15  48.93  18.65  42.66  92  0.34  171530  90087
95      5      438.596605      99.49      3284.67      232.00      232  23  58.48  23.32  45.01  95  0.35  167316  37353
95      6      438.596612      94.30      2116.33      47.67      134  4  47.12  28.34  46.95  83  0.30  257877  160400
96      4      438.691228      56.76      1462.67      62.67      76  8  17.65  15.50  41.63  87  0.33  183890  117919
96      2      438.691230      48.83      1707.00      154.00      62  12  13.29  10.11  37.83  80  0.31  192695  109130
96      5      438.691231      39.67      1392.67      296.33      21  10  10.33  9.47  37.41  96  0.35  212183  100341
96      1      438.691234      31.43      1258.33      1.67      40  1  9.19  9.20  37.27  93  0.34  198284  79101
97      4      438.761718      37.54      2221.33      47.00      34  3  15.14  9.03  36.67  88  0.33  194846  112792
97      2      438.761719      34.79      2624.00      370.67      48  24  14.18  7.16  34.66  81  0.31  191988  112792
97      1      438.761735      30.52      2329.67      1.67      18  1  9.63  5.57  32.34  94  0.34  202918  90087
97      5      438.761745      35.40      2165.33      194.33      14  8  11.79  7.28  34.72  97  0.35  192516  19042
98      2      439.100738      79.35      2398.00      63.00      159  11  26.97  15.97  41.02  82  0.31  195026  80566
98      6      439.100738      98.27      742.33      67.67      45  13  15.04  25.78  46.13  84  0.30  291893  161132
98      5      439.100740      60.12      1692.67      104.00      110  12  19.73  15.12  41.33  98  0.35  220268  93017
98      1      439.100746      60.42      2193.67      28.67      117  8  18.11  11.32  38.33  95  0.34  228103  80566
99      2      439.230771      71.41      1973.67      25.33      97  4  20.04  13.87  40.13  83  0.31  167569  102539
99      4      439.230778      74.77      2122.33      205.33      96  20  28.92  18.90  42.69  89  0.33  163146  112792
99      1      439.230778      44.25      1910.67      22.33      67  3  15.50  10.56  38.18  96  0.34  184698  82763
99      5      439.230779      50.66      1643.00      106.00      52  7  16.34  12.77  39.95  99  0.35  171553  95947
100      4      439.350802      98.88      2536.33      16.67      151  3  37.73  20.38  43.45  90  0.33  161082  125976
100      5      439.350804      84.53      2359.00      82.00      97  8  29.71  17.26  42.00  100  0.35  160784  97412
100      1      439.350806      102.54      2190.33      54.33      118  8  26.35  17.25  41.60  97  0.34  155478  73242
100      2      439.350806      102.54      2170.33      54.67      159  8  31.82  19.55  43.32  84  0.31  155599  73242
100      6      439.350810      114.14      877.00      81.00      40  14  18.79  27.91  46.62  85  0.30  264919  162597
101      2      439.357886      66.53      2238.33      139.33      142  20  23.63  14.03  40.47  85  0.31  181180  50537
101      4      439.357889      83.31      2045.67      29.00      104  4  27.60  18.27  42.60  91  0.33  182292  11718
101      1      439.357890      41.20      1706.67      79.33      119  14  17.02  12.71  39.97  98  0.34  217416  81298
101      5      439.357896      78.13      2200.00      220.33      109  33  24.92  15.61  41.08  101  0.35  217135  98144
101      6      439.357901      93.08      843.67      61.67      39  15  13.78  21.85  44.26  86  0.30  346227  310546
102      6      439.744794      73.24      324.67      51.67      15  5  6.30  24.47  45.76  87  0.30  337004  164062
102      1      439.744805      32.04      1079.33      216.33      56  22  8.19  9.50  37.60  99  0.34  265749  183105
102      5      439.744806      64.39      650.00      79.00      50  15  8.14  16.47  41.95  102  0.35  236137  178710
102      4      439.744842      45.17      1586.67      387.00      39  16  14.17  11.58  39.02  92  0.33  214070  119384
102      2      439.744845      29.91      1835.00      486.33      35  19  10.69  7.39  35.31  86  0.31  228675  121582
103      2      439.996431      32.04      1288.00      28.00      46  5  8.93  8.93  36.82  87  0.31  205637  99609
103      4      439.996436      50.96      1256.00      26.33      39  4  10.82  11.53  38.70  93  0.33  196146  117187
103      5      439.996438      29.91      763.67      106.67      13  3  5.64  9.10  37.37  103  0.35  217238  74707
103      1      439.996440      32.35      523.00      28.33      16  3  3.86  9.33  37.37  100  0.34  223768  96679
104      4      440.051169      89.42      2244.00      16.00      128  3  31.01  19.25  42.81  94  0.33  207632  117919
104      2      440.051169      85.45      2618.00      194.00      134  22  25.09  14.02  39.63  88  0.31  193596  104003
104      1      440.051178      48.83      1710.33      329.00      92  43  14.57  11.24  38.61  101  0.34  214693  84228
104      5      440.051179      50.66      1586.67      376.67      80  31  18.59  15.18  41.37  104  0.35  206361  96679
104      6      440.051185      88.50      863.33      39.33      26  7  14.66  22.07  44.59  88  0.30  303331  161132
105      2      440.412404      102.54      2551.67      189.33      193  27  35.02  19.39  42.75  89  0.31  188143  104003
105      4      440.412404      153.50      2712.67      43.33      185  6  46.94  25.26  44.76  95  0.33  186589  117919
105      5      440.412408      79.65      2137.00      80.33      125  10  29.42  18.14  42.77  105  0.35  192293  96679
105      1      440.412410      114.75      2395.00      19.00      141  3  26.59  15.96  40.91  102  0.34  193307  84228
105      6      440.412414      102.84      914.00      1.00      57  1  18.29  25.87  46.02  89  0.30  286338  156738
106      4      440.437322      143.13      4129.33      179.33      335  18  98.95  33.48  47.59  96  0.33  143681  11718
106      2      440.437323      136.11      4857.67      22.33      374  3  92.51  26.82  45.59  90  0.31  147834  50537
106      5      440.437326      195.92      4364.33      39.00      321  4  105.76  35.95  47.68  106  0.35  141043  182373
106      1      440.437326      112.00      4115.67      135.33      335  12  76.50  25.87  45.38  103  0.34  143747  96679
106      6      440.437329      127.56      2382.67      75.00      180  13  68.00  37.86  49.10  90  0.30  232446  161865
107      5      440.698199      54.02      1592.33      401.33      64  26  16.92  13.72  40.52  107  0.35  184508  179443
107      1      440.698201      57.98      1534.67      204.67      75  22  13.45  11.60  38.85  104  0.34  183870  186035
107      6      440.698204      60.73      484.33      380.33      25  20  9.76  24.50  46.08  91  0.30  272891  164062
107      4      440.698268      84.84      1964.67      131.67      111  16  27.89  18.86  43.04  97  0.33  169471  125976
108      1      440.897173      85.14      2789.00      401.00      217  66  32.60  16.90  41.35  105  0.34  206996  183105
108      4      440.897173      152.89      2743.00      242.00      223  40  49.55  27.00  45.13  98  0.33  203099  191894
108      6      440.897178      120.85      1415.67      97.67      115  16  39.16  36.33  48.83  92  0.30  266205  159667
108      5      440.897180      114.14      2003.00      324.00      186  47  36.34  24.89  45.17  108  0.35  202323  177978
108      2      440.897182      93.99      2699.33      92.67      231  15  37.88  20.05  42.94  91  0.31  190941  177246
109      2      441.286705      60.73      1668.33      101.00      113  16  16.59  13.25  39.95  92  0.31  209612  178710
109      4      441.286711      55.54      1431.00      17.67      95  2  19.59  17.74  42.73  99  0.33  206665  112792
109      1      441.286717      58.59      1711.00      66.00      60  6  12.56  10.32  37.32  106  0.34  200823  82763
109      5      441.286721      47.00      1466.33      57.00      57  7  14.97  13.47  40.18  109  0.35  199521  177978
109      6      441.286730      52.80      398.33      231.00      21  12  7.01  21.79  44.90  93  0.30  301339  161132
110      4      441.608640      96.44      1913.00      17.67      119  2  28.59  20.33  43.49  100  0.33  165233  110595
110      5      441.608644      66.53      2063.00      45.33      74  7  20.85  13.25  40.09  110  0.35  177025  37353
110      1      441.608645      62.56      2011.67      205.33      85  24  17.44  11.80  38.76  107  0.34  176059  183105
110      2      441.608646      99.79      2178.33      53.33      125  6  25.13  16.19  41.24  93  0.31  165794  73242
110      6      441.608655      63.78      356.33      336.33      17  14  6.54  22.75  45.27  94  0.30  284631  164062
111      4      441.763645      127.26      8132.67      88.33      393  12  118.43  23.60  43.26  101  0.33  171637  128173
111      2      441.763646      95.52      2849.33      59.33      191  9  38.15  18.76  42.53  94  0.31  173711  52734
111      5      441.763649      83.31      2863.00      44.00      154  8  39.61  19.37  42.82  111  0.35  168887  37353
111      1      441.763651      79.04      2686.67      26.67      160  4  28.71  15.11  40.58  108  0.34  179149  183837
111      6      441.763662      97.96      948.00      192.67      52  23  19.10  25.90  46.08  95  0.30  271219  159667
112      2      441.866586      61.34      1823.00      51.33      59  6  13.52  10.09  37.41  95  0.31  216454  76904
112      4      441.866587      54.63      1708.33      186.67      57  21  16.65  12.91  39.77  102  0.33  222035  112792
112      1      441.866591      38.15      1346.33      55.00      37  10  7.89  7.78  35.36  109  0.34  245606  184570
112      5      441.866591      40.28      1109.00      35.33      35  4  9.23  10.41  38.41  112  0.35  248517  98144
113      2      441.931325      159.00      3781.33      74.00      203  8  50.68  20.72  42.54  96  0.31  165991  73242
113      4      441.931327      152.89      3847.33      72.00      224  9  68.32  27.32  44.98  103  0.33  170420  114257
113      1      441.931328      120.85      2815.00      217.00      180  30  35.96  18.18  42.13  110  0.34  177976  186035
113      6      441.931341      132.75      1186.00      51.00      70  9  26.64  30.83  47.02  96  0.30  265374  164062
114      5      442.121680      82.09      1572.67      242.00      148  40  26.35  22.12  44.48  113  0.35  209212  181640
114      1      442.121683      43.95      2064.00      23.00      148  5  19.26  12.52  39.40  111  0.34  222393  182373
114      6      442.121683      103.76      808.00      46.33      70  7  18.38  28.47  47.13  97  0.30  263667  162597
114      4      442.121692      51.27      1847.67      117.67      85  11  18.22  12.76  39.88  104  0.33  201915  186035
114      2      442.121694      41.81      2296.33      152.33      151  17  20.71  11.81  39.10  97  0.31  203195  183105
115      2      442.525093      50.66      2363.00      472.00      145  53  22.94  12.72  39.74  98  0.31  206449  183105
115      4      442.525097      52.80      1523.67      61.33      93  2  19.32  16.18  42.06  105  0.33  206611  11718
115      1      442.525101      64.70      2086.67      40.67      190  7  21.88  13.93  40.41  112  0.34  220810  182373
115      5      442.525104      93.38      1572.33      23.67      176  5  29.78  24.83  45.54  114  0.35  211810  181640
115      6      442.525110      103.45      1124.00      329.67      80  47  24.67  28.53  46.82  98  0.30  274216  162597
116      2      442.917375      44.86      1975.00      344.33      58  22  15.30  10.29  37.78  99  0.31  164230  102539
116      4      442.917382      51.57      2360.33      138.67      77  12  23.60  13.41  40.00  106  0.33  171420  11718
116      5      442.917386      56.46      1507.67      30.00      36  4  14.11  12.11  39.42  115  0.35  164588  95947
116      1      442.917389      40.89      1679.67      21.67      47  3  13.04  10.04  37.80  113  0.34  176847  82763
117      4      443.335455      99.49      2053.33      92.67      123  17  28.78  19.48  42.93  107  0.33  194009  125976
117      5      443.335457      60.42      1591.33      400.67      87  36  17.37  14.19  40.76  116  0.35  199557  179443
117      2      443.335460      100.40      2041.00      31.33      136  6  22.80  15.92  40.96  100  0.31  185259  179443
117      6      443.335462      68.97      706.33      136.00      39  15  14.55  25.25  46.27  99  0.30  271472  162597
117      1      443.335464      61.65      1496.00      42.67      83  8  13.74  12.31  39.26  114  0.34  198776  186035
118      4      444.349539      141.60      2269.33      51.67      189  8  41.21  24.61  45.18  108  0.33  196416  114990
118      1      444.349542      102.54      2294.00      104.67      205  21  27.75  16.89  41.65  115  0.34  221874  95214
118      2      444.349542      107.73      3532.00      55.67      196  10  38.42  16.42  40.73  101  0.31  200468  45410
118      5      444.349546      100.71      2421.67      117.33      154  21  33.53  19.49  42.82  117  0.35  218977  77636
118      6      444.349551      160.52      917.67      14.00      140  5  32.01  46.12  50.85  100  0.30  309098  307617
119      4      444.425139      82.40      2067.67      327.00      163  67  25.61  16.94  41.86  109  0.33  292055  117187
119      2      444.425140      73.55      2006.67      152.67      196  37  20.41  14.18  40.15  102  0.31  284202  369873
119      6      444.425144      265.81      1432.33      21.33      182  5  40.99  43.15  49.13  101  0.30  364122  159667
119      5      444.425144      108.34      1344.00      56.00      189  17  21.45  22.11  44.06  118  0.35  308773  366210
119      1      444.425147      85.14      1484.33      78.00      184  25  16.26  15.76  40.79  116  0.34  325690  188964
120      4      444.474755      238.04      2816.33      82.67      244  12  69.04  35.65  47.78  110  0.33  164440  131103
120      2      444.474756      129.09      2743.67      130.33      217  14  44.66  23.77  44.23  103  0.31  164257  96679
120      1      444.474766      132.14      2777.33      88.33      159  11  34.10  18.00  41.78  117  0.34  159448  78369
120      5      444.474768      71.41      2050.00      444.67      143  39  33.99  21.41  44.39  119  0.35  156369  93017
120      6      444.474769      81.79      977.00      165.33      58  17  20.85  27.48  46.58  102  0.30  257720  161132
121      1      444.745262      54.02      1542.00      17.00      103  3  13.44  11.58  38.81  118  0.34  253123  71777
121      5      444.745273      78.13      1477.67      84.67      115  17  17.50  15.96  41.47  120  0.35  237458  236572
121      6      444.745277      109.86      688.67      87.33      59  16  14.17  26.59  46.27  103  0.30  332254  241699
121      2      444.745334      51.27      2913.33      283.00      115  40  21.37  10.53  37.31  104  0.31  218002  112792
122      4      445.226896      90.03      3051.67      27.33      132  5  34.96  15.91  41.18  111  0.33  196953  115722
122      2      445.226899      70.19      3495.67      6.00      149  2  28.54  10.81  38.24  105  0.31  205628  113525
122      5      445.226902      37.54      2809.00      0.67      64  1  21.01  9.60  37.48  121  0.35  224997  95214
122      1      445.226904      37.23      3037.67      17.33      82  3  19.30  8.27  36.06  119  0.34  219946  96679
122      6      445.226905      59.20      2581.33      0.33      18  1  25.74  13.43  39.97  104  0.30  317538  163330
123      1      445.372935      66.53      2098.33      40.67      224  7  28.61  18.17  42.69  120  0.34  213099  182373
123      5      445.372938      118.41      1994.67      170.67      217  31  42.43  29.48  46.55  122  0.35  203000  181640
123      2      445.372940      61.04      2712.67      458.33      203  61  29.83  14.81  40.82  106  0.31  219485  183105
123      6      445.372944      129.39      1136.00      323.67      89  42  28.33  32.22  47.93  105  0.30  253654  162597
123      4      445.372946      68.97      2259.67      179.33      141  19  27.99  16.53  41.86  112  0.33  192030  11718
124      4      445.574892      193.18      3300.00      108.33      295  19  81.39  36.32  47.84  113  0.33  182448  125976
124      5      445.574894      146.48      3185.00      319.67      189  35  62.51  28.30  45.85  123  0.35  166685  95947
124      2      445.574896      188.90      3541.33      201.67      262  33  61.99  28.15  44.86  107  0.31  175450  132568
124      1      445.574896      154.11      3025.67      53.00      227  7  50.53  25.18  44.45  121  0.34  166935  90087
124      6      445.574899      250.24      2001.00      38.33      180  7  71.72  50.36  51.08  106  0.30  251695  160400
125      4      445.742768      153.50      2868.67      60.00      207  8  54.88  28.63  45.63  114  0.33  178351  191894
125      2      445.742773      94.60      2564.67      129.00      189  16  34.32  18.72  42.53  108  0.31  168069  79101
125      1      445.742776      105.29      2194.33      186.67      180  28  27.73  17.33  42.03  122  0.34  186811  188232
125      6      445.742779      113.53      999.33      111.33      79  14  25.85  32.90  48.25  107  0.30  253685  159667
125      5      445.742785      72.63      2201.33      334.00      123  34  28.98  17.29  42.39  124  0.35  190581  94482
126      4      446.377601      55.24      2014.00      193.67      83  22  20.66  13.94  40.22  115  0.33  188255  109863
126      2      446.377604      60.42      1902.00      6.67      92  2  17.60  12.43  39.33  109  0.31  182794  156005
126      5      446.377609      45.47      1528.67      54.67      53  6  13.80  11.87  39.11  125  0.35  204552  101806
126      1      446.377611      48.22      1146.67      66.33      55  10  9.39  10.91  38.26  123  0.34  209186  181640
126      6      446.377621      70.19      449.67      19.00      15  4  7.39  20.89  44.31  108  0.30  269448  161132
127      4      446.546100      43.03      818.67      38.67      41  4  6.84  10.81  38.44  116  0.33  295422  118652
127      2      446.546100      58.59      819.33      40.67      68  9  6.53  10.75  38.03  110  0.31  311656  396972
127      6      446.546131      65.31      51.00      39.00      3  2  0.87  20.89  44.60  109  0.30  459092  421875
127      5      446.546140      31.43      487.33      62.33      12  3  3.44  8.79  36.99  126  0.35  302148  73242
128      4      446.867478      59.81      2262.00      195.33      108  20  25.44  15.00  41.02  117  0.33  190276  112792
128      2      446.867485      52.49      1986.33      195.00      78  17  15.88  10.54  38.06  111  0.31  200737  113525
128      5      446.867489      57.37      1500.33      138.67      44  9  14.46  12.32  39.68  127  0.35  201933  95214
128      6      446.867496      60.42      456.67      12.33      9  3  6.18  17.19  42.62  110  0.30  345983  158203
129      2      446.878142      61.95      2193.67      21.67      93  3  19.39  11.94  38.93  112  0.31  203781  104003
129      4      446.878149      76.29      1883.33      46.67      102  6  23.22  16.31  41.82  118  0.33  206333  116455
129      1      446.878149      52.19      1422.00      24.00      72  3  12.26  11.27  38.71  124  0.34  203206  82763
129      5      446.878154      64.39      1461.67      112.67      64  9  16.83  14.95  41.22  128  0.35  194506  93017
129      6      446.878159      65.61      470.33      12.67      17  3  8.27  21.78  44.89  111  0.30  304962  161132
130      2      447.408150      161.13      3573.00      48.00      239  6  56.94  24.97  44.04  113  0.31  158907  179443
130      4      447.408153      202.03      3274.67      99.67      245  14  71.76  32.39  46.81  119  0.33  165147  124511
130      5      447.408157      110.17      3156.00      403.00      184  48  52.05  23.59  44.34  129  0.35  160591  37353
130      1      447.408159      126.65      2569.00      81.33      177  9  38.33  20.69  43.47  125  0.34  160729  182373
130      6      447.408163      119.93      1068.33      136.67      114  23  35.53  41.49  50.43  112  0.30  256553  159667
131      5      447.541781      63.48      1381.67      236.00      109  41  16.79  15.67  41.69  130  0.35  218762  181640
131      2      447.541783      45.17      1988.33      472.00      73  29  13.76  8.95  36.80  114  0.31  212335  59326
131      6      447.541784      68.05      621.33      386.67      22  21  10.04  20.42  44.16  113  0.30  316903  301757
131      1      447.541785      37.54      1103.33      40.00      68  6  9.45  10.68  38.65  126  0.34  238676  183105
131      4      447.541792      41.81      1338.00      241.33      62  17  13.44  12.75  40.03  120  0.33  216503  11718
132      2      447.725025      144.35      7821.00      185.67      319  25  78.68  16.19  40.05  115  0.31  170557  52734
132      4      447.725027      144.35      7776.33      34.67      323  6  92.33  18.41  41.49  121  0.33  183204  124511
132      1      447.725029      97.66      6377.33      43.00      237  5  57.21  14.11  39.06  127  0.34  172590  75439
132      5      447.725031      113.83      2623.67      71.67      152  9  47.22  24.65  45.10  131  0.35  167845  37353
132      6      447.725037      116.58      1264.67      130.67      105  22  35.19  35.53  48.88  114  0.30  263363  159667
133      4      447.832537      71.41      1641.33      1.00      79  1  18.94  15.21  41.24  122  0.33  193363  116455
133      2      447.832538      44.25      1687.00      225.67      81  26  14.13  10.91  38.46  116  0.31  195264  52734
133      6      447.832543      84.53      452.00      69.67      30  8  9.58  27.03  46.52  115  0.30  309589  161132
133      5      447.832544      39.67      1072.33      12.00      41  2  9.96  11.81  39.35  132  0.35  219984  178710
133      1      447.832544      47.91      1016.33      57.67      31  7  7.48  9.67  37.34  128  0.34  215164  84960
134      4      447.962727      69.89      6139.67      52.33      169  5  63.18  14.40  40.25  123  0.33  148354  11718
134      2      447.962729      70.19      6402.67      62.00      219  7  54.79  11.68  38.65  117  0.31  149195  79101
134      1      447.962732      58.59      5996.67      134.33      150  9  48.95  11.16  38.24  129  0.34  138672  79101
134      5      447.962732      96.74      6080.33      54.33      126  5  57.18  13.50  39.47  133  0.35  138386  57861
134      6      447.962740      54.02      33.00      32.00      6  6  0.92  31.28  48.88  116  0.30  330391  140625
135      4      448.088517      151.98      2943.67      60.33      216  8  60.68  30.61  46.28  124  0.33  176662  116455
135      2      448.088519      79.35      2557.00      151.33      207  22  33.90  18.61  42.45  118  0.31  191716  115722
135      5      448.088524      89.11      2216.67      349.00      137  41  27.21  16.90  41.78  134  0.35  206278  180175
135      1      448.088525      106.51      2006.00      54.00      161  9  22.58  15.39  41.03  130  0.34  203876  188232
135      6      448.088528      93.69      1294.67      87.00      101  12  29.95  28.51  47.28  117  0.30  277087  162597
136      2      448.201585      35.71      961.67      8.00      85  3  7.82  10.57  38.20  119  0.31  285957  291503
136      4      448.201587      51.57      1229.00      38.67      65  5  11.46  12.42  39.39  125  0.33  289323  287109
136      1      448.201591      63.78      1284.67      92.00      193  27  15.78  16.60  41.78  131  0.34  308020  294433
136      6      448.201594      238.65      1033.00      14.00      153  5  32.92  44.24  50.06  118  0.30  348930  303222
136      5      448.201601      85.75      1254.67      127.67      141  32  16.21  17.62  42.22  135  0.35  318798  300292
137      4      449.410932      105.29      2203.00      43.67      83  6  25.17  16.33  41.16  126  0.33  186055  110595
137      2      449.410934      62.56      2130.67      8.00      85  2  17.07  10.74  38.07  120  0.31  203323  113525
137      5      449.410936      49.44      1436.67      80.67      37  6  12.57  11.31  38.84  136  0.35  210439  96679
137      1      449.410942      61.04      1439.33      12.33      60  2  11.53  10.53  38.07  132  0.34  217370  84228
137      6      449.410942      46.69      826.00      43.33      5  1  9.51  14.83  41.22  119  0.30  329947  156738
138      4      449.850991      98.88      3135.33      68.67      150  9  50.46  22.59  44.13  127  0.33  141590  11718
138      2      449.850992      97.05      4102.67      25.33      187  4  49.62  17.11  41.65  121  0.31  146990  50537
138      5      449.850995      144.96      2846.67      65.67      135  8  52.80  25.88  45.36  137  0.35  155539  37353
138      1      449.850995      126.65      3207.67      137.00      145  12  45.47  19.67  43.03  133  0.34  151270  32226
138      6      449.851006      100.71      770.67      105.67      45  15  15.19  25.25  45.89  120  0.30  292504  164062
139      2      450.074800      34.48      1351.67      383.67      51  30  8.95  8.76  36.42  122  0.31  231139  171386
139      4      450.074804      35.10      985.00      65.00      36  5  8.93  11.58  39.14  128  0.33  230297  171386
139      5      450.074813      53.41      769.00      12.33      62  3  7.83  12.95  40.15  138  0.35  267665  174316
139      6      450.074816      97.96      717.00      55.33      60  11  14.65  26.66  46.20  121  0.30  347555  303222
139      1      450.074818      40.89      1071.00      85.00      57  15  7.81  9.60  37.26  134  0.34  278740  300292
140      4      450.556253      195.62      3485.67      52.67      256  7  74.13  31.36  46.55  129  0.33  192729  117187
140      2      450.556255      143.74      3673.67      50.67      253  7  55.94  22.94  43.65  123  0.31  193054  76904
140      1      450.556258      158.39      3284.00      56.67      180  8  39.95  18.46  41.70  135  0.34  184443  73974
140      5      450.556258      118.71      3407.67      2.00      178  1  50.88  21.67  43.48  139  0.35  184517  109130
140      6      450.556267      134.28      1729.33      422.00      118  54  40.61  32.11  47.41  122  0.30  266899  158935
141      2      450.792347      201.11      3896.33      73.00      286  11  79.24  30.78  46.16  124  0.31  146347  112060
141      4      450.792348      263.06      3811.00      339.33      304  41  100.14  39.77  48.39  130  0.33  152811  127441
141      1      450.792353      131.84      3565.00      279.67      233  26  60.64  24.62  44.61  136  0.34  147610  73242
141      5      450.792353      144.65      3586.33      21.67      216  3  77.11  30.40  46.65  140  0.35  141747  37353
141      6      450.792360      150.76      2034.67      209.00      138  32  53.10  35.28  48.33  123  0.30  223698  163330
142      4      451.533683      234.38      3600.33      322.67      296  46  86.50  35.49  47.61  131  0.33  193146  124511
142      2      451.533684      197.75      4018.00      118.67      295  18  83.63  33.42  46.36  125  0.31  181031  96679
142      1      451.533701      154.11      3725.67      80.00      258  9  67.88  27.24  45.21  137  0.34  159771  78369
142      6      451.533701      85.45      2564.00      46.33      91  7  39.07  21.29  43.66  124  0.30  249059  157470
142      5      451.533703      147.71      3552.67      435.00      268  44  83.69  32.86  47.44  141  0.35  160602  94482
143      2      451.618336      89.11      2297.67      95.67      152  10  27.79  17.06  41.65  126  0.31  189731  153808
143      5      451.618340      50.35      1815.67      126.00      91  12  20.57  14.84  41.08  142  0.35  197653  73242
143      1      451.618341      53.41      1888.00      11.67      96  3  16.84  12.05  39.01  138  0.34  201938  71777
143      4      451.618342      109.25      2201.33      53.67      148  8  35.53  22.45  44.15  132  0.33  192395  117187
143      6      451.618351      82.09      1059.33      163.00      37  18  17.65  21.44  44.43  125  0.30  289401  159667
144      4      451.903704      42.11      1862.33      51.33      40  7  13.73  9.52  37.35  133  0.33  253175  112792
144      2      451.903709      36.01      1690.33      43.67      66  4  10.99  8.41  36.26  127  0.31  239550  52001
144      5      451.903716      34.48      524.00      153.33      17  3  4.69  11.38  39.04  143  0.35  227235  96679
144      1      451.903720      36.93      1024.00      168.00      28  14  6.10  7.70  35.51  139  0.34  229122  71777
145      2      452.571302      130.92      2788.00      73.00      175  10  36.76  19.01  42.40  128  0.31  184553  52734
145      4      452.571304      154.72      2405.67      100.33      181  14  47.68  27.71  45.94  134  0.33  189226  127441
145      5      452.571309      74.77      2362.00      46.00      123  7  30.48  17.40  42.21  144  0.35  204464  180175
145      1      452.571310      86.98      2189.67      204.67      133  25  23.70  14.67  40.69  140  0.34  201745  73242
145      6      452.571318      115.97      835.00      51.33      61  9  19.97  31.17  47.57  126  0.30  286685  164062
146      2      453.037348      47.91      2280.67      154.33      132  24  22.09  12.96  39.72  129  0.31  195462  50537
146      4      453.037348      70.50      2294.33      87.33      109  10  30.18  18.17  42.38  135  0.33  177296  11718
146      5      453.037352      60.42      1982.00      267.00      65  21  21.83  14.34  40.84  145  0.35  170829  37353
146      1      453.037353      53.10      1978.67      44.00      58  5  15.69  10.92  37.99  141  0.34  175853  90087
146      6      453.037363      65.31      834.67      45.33      22  4  12.54  19.38  43.53  127  0.30  276426  158203
147      4      453.532536      99.18      2416.33      16.67      148  3  35.74  20.33  43.40  136  0.33  182209  117919
147      5      453.532537      63.78      1950.33      31.33      90  4  22.14  15.39  41.10  146  0.35  195540  98144
147      1      453.532538      84.84      1772.33      80.67      104  13  17.83  13.52  40.05  142  0.34  188699  71777
147      2      453.532538      90.33      2611.33      27.33      160  3  28.43  14.95  40.74  130  0.31  174134  184570
147      6      453.532540      100.40      555.00      7.33      56  3  14.99  33.03  48.62  128  0.30  289091  164062
148      2      453.766272      195.01      4378.00      135.33      338  17  94.99  33.54  46.72  131  0.31  155771  58593
148      4      453.766276      346.68      4135.33      159.67      366  25  147.58  56.30  51.05  137  0.33  162677  118652
148      1      453.766282      151.37      3721.00      59.33      314  8  73.08  28.86  45.86  143  0.34  151676  58593
148      6      453.766288      234.99      2015.00      110.33      181  19  73.40  49.74  51.22  129  0.30  222161  159667
148      5      453.766293      167.54      3343.00      474.00      238  55  78.42  33.41  47.40  147  0.35  149543  93017
149      4      454.076336      223.39      3610.33      205.67      277  30  98.28  41.78  48.69  138  0.33  165252  118652
149      2      454.076337      224.61      4018.33      41.33      270  5  83.73  34.32  46.37  132  0.31  156494  96679
149      1      454.076348      207.82      3598.67      89.67      221  9  66.87  28.34  45.38  144  0.34  148736  78369
149      5      454.076348      155.03      3351.00      452.00      231  47  79.26  33.22  47.47  148  0.35  150237  97412
149      6      454.076351      115.97      1699.67      166.33      87  22  36.46  28.80  46.63  130  0.30  237897  158935
150      4      454.295371      193.79      2840.33      92.67      211  14  54.53  28.21  45.66  139  0.33  180897  124511
150      2      454.295374      190.73      2890.67      39.67      217  6  45.02  24.12  43.84  133  0.31  181411  179443
150      5      454.295375      105.29      2140.67      400.67      152  49  33.43  20.96  43.87  149  0.35  181143  179443
150      6      454.295379      105.59      1188.67      73.33      103  13  28.61  30.36  47.62  131  0.30  264828  159667
150      1      454.295382      88.81      2425.33      42.33      173  8  28.94  16.22  41.53  145  0.34  191116  96679
151      4      454.426123      66.22      2127.67      289.33      63  24  19.93  12.53  39.43  140  0.33  179781  13183
151      2      454.426124      42.72      1686.33      351.33      77  31  15.56  12.04  39.30  134  0.31  180276  52734
151      5      454.426124      62.26      1593.67      307.00      54  24  16.80  14.00  40.45  150  0.35  183077  37353
151      1      454.426133      45.17      1482.67      107.33      61  11  12.05  10.69  38.20  146  0.34  189995  73242
152      2      455.458769      189.51      3799.33      73.00      214  8  56.78  23.36  43.49  135  0.31  159757  73242
152      4      455.458772      147.09      3171.00      24.00      206  4  62.79  30.18  45.93  141  0.33  165902  127441
152      5      455.458776      124.21      2891.00      494.33      160  53  47.14  22.67  44.24  151  0.35  179534  73242
152      1      455.458777      122.07      3041.00      69.67      182  9  40.62  19.62  42.51  147  0.34  173181  71777
152      6      455.458784      168.15      1443.67      51.00      103  9  35.54  34.44  47.82  132  0.30  272816  163330
153      4      456.422397      57.68      1457.67      1.00      64  1  16.48  14.92  41.06  142  0.33  196130  114990
153      2      456.422400      58.59      1456.00      146.33      79  20  12.68  11.53  38.80  136  0.31  193533  177246
153      5      456.422405      41.50      1369.67      258.00      31  20  11.21  10.59  38.26  152  0.35  215797  37353
153      1      456.422415      34.79      1163.67      352.33      34  21  7.90  8.80  36.63  148  0.34  235100  74707
154      4      456.772950      173.65      3526.67      243.67      278  33  78.21  33.53  46.91  143  0.33  192785  131103
154      2      456.772953      139.47      2805.67      13.33      228  3  43.68  23.12  43.84  137  0.31  190638  129638
154      1      456.772959      69.58      2228.33      370.67      163  50  25.20  15.54  41.07  149  0.34  188712  184570
154      5      456.772962      71.11      2052.67      206.00      153  27  29.60  18.97  43.18  153  0.35  204571  180908
154      6      456.772972      102.23      1085.67      103.00      63  11  23.15  26.92  46.57  133  0.30  279706  161132
155      4      457.008519      101.93      2526.33      1.00      156  1  35.82  19.55  43.03  144  0.33  186896  116455
155      2      457.008521      65.31      2303.33      2.00      149  1  24.17  14.21  40.42  138  0.31  186656  109130
155      5      457.008524      53.10      1392.67      0.67      80  1  16.20  14.92  41.31  154  0.35  206588  179443
155      6      457.008527      146.48      715.00      76.33      46  12  16.71  31.53  47.37  134  0.30  271477  159667
155      1      457.008528      65.00      1659.33      57.67      88  8  14.92  11.92  39.07  150  0.34  197636  75439
156      4      458.161104      124.82      2236.33      93.33      166  12  39.68  24.57  44.98  145  0.33  165433  125976
156      5      458.161106      71.11      2360.00      402.33      103  41  27.00  15.39  41.17  155  0.35  175129  37353
156      2      458.161106      100.10      2621.67      40.00      167  6  31.99  17.60  41.73  139  0.31  174342  179443
156      1      458.161108      62.26      2147.33      205.33      104  25  20.45  12.83  39.57  151  0.34  176273  186035
156      6      458.161112      67.44      839.67      399.00      44  35  17.64  25.67  46.44  135  0.30  278237  164062
157      4      458.737188      158.39      3284.67      339.00      203  39  54.37  23.92  44.37  146  0.33  165057  124511
157      2      458.737193      111.69      2781.00      41.67      188  6  40.37  20.58  43.23  140  0.31  161422  112060
157      5      458.737194      79.96      2568.67      20.33      137  3  38.21  19.86  43.45  156  0.35  181027  37353
157      1      458.737197      72.33      2569.33      57.00      157  5  30.50  16.07  41.49  152  0.34  183882  73242
157      6      458.737203      88.81      1061.67      26.67      65  6  23.38  27.55  46.85  136  0.30  279789  165527
