   1	192.0	0.0	0.0	    10	      656678	9.68205738 
事件序号\x\y\z\到时\
   2	210.0	9.0	87.0	   129	      299849	13.86859131 
   3	172.0	0.0	0.0	   227	      170536	14.18988609 
   4	235.0	0.0	100.0	   246	      114869	50.94572067 
   5	191.0	50.0	100.0	   261	      666106	41.33206940 
   6	207.0	33.0	28.0	   311	      479372	14.16168213 
   7	219.0	0.0	69.0	   364	      772630	25.65484619 
   8	208.0	24.0	100.0	   367	      919871	23.85554886 
   9	222.0	0.0	1.0	   380	      835468	22.39947510 
  10	210.0	10.0	100.0	   388	      570514	18.67169189 
  11	192.0	0.0	11.0	   390	      548224	12.02207375 
  12	213.0	1.0	94.0	   390	      916881	26.02783203 
  13	205.0	0.0	0.0	   400	      977385	20.04667282 
  14	203.0	20.0	0.0	   401	      417473	8.77547264 
  15	235.0	0.0	0.0	   401	      508618	10.52362061 
  16	213.0	28.0	0.0	   404	      619959	22.46364212 
  17	210.0	0.0	0.0	   404	      805660	28.29545021 
  18	211.0	0.0	27.0	   404	      972247	25.47163773 
  19	221.0	0.0	26.0	   407	      252550	22.99458885 
  20	209.0	0.0	91.0	   408	      605263	24.97637939 
  21	207.0	0.0	50.0	   409	      278789	17.37070847 
  22	213.0	50.0	100.0	   410	      421511	52.51871490 
  23	218.0	0.0	75.0	   410	      726964	13.68481922 
  24	207.0	0.0	36.0	   410	      971498	19.58894730 
  25	215.0	0.0	23.0	   411	      148549	28.95812988 
  26	219.0	50.0	100.0	   411	      257673	8.87205029 
  27	208.0	0.0	18.0	   411	      754030	12.91202831 
  28	214.0	0.0	0.0	   411	      807178	4.13703918 
  29	190.0	0.0	50.0	   412	      106839	18.73364258 
  30	221.0	0.0	3.0	   412	      118831	19.25091743 
  31	208.0	16.0	0.0	   413	      595112	14.71063232 
  32	221.0	50.0	42.0	   413	      642104	5.95797205 
  33	203.0	20.0	33.0	   414	      381304	15.36055565 
  34	212.0	18.0	46.0	   414	      468992	7.06990576 
  35	217.0	50.0	0.0	   414	      527433	7.08259583 
  36	215.0	0.0	23.0	   414	      544124	33.82767487 
  37	212.0	0.0	30.0	   415	      119636	20.74444580 
  38	219.0	50.0	35.0	   415	      377589	5.28885889 
  39	214.0	48.0	0.0	   415	      960566	44.55241013 
  40	212.0	29.0	100.0	   417	      495330	59.08705521 
  41	196.0	48.0	0.0	   418	      144873	21.42954445 
  42	209.0	1.0	2.0	   418	      352668	27.54142189 
  43	190.0	46.0	29.0	   419	       24915	39.78344727 
  44	226.0	0.0	86.0	   419	       53176	14.61840343 
  45	202.0	0.0	30.0	   419	      423807	29.70395279 
  46	225.0	12.0	30.0	   419	      479305	55.09419632 
  47	221.0	0.0	6.0	   419	      622274	16.04484558 
  48	198.0	10.0	24.0	   421	      242708	59.04314804 
  49	249.0	0.0	23.0	   421	      692954	13.15661621 
  50	222.0	50.0	0.0	   422	       52041	61.62666702 
  51	268.0	50.0	100.0	   422	      326874	63.77059555 
  52	210.0	50.0	100.0	   422	      927495	183.17552185 
  53	206.0	50.0	0.0	   423	      996474	66.41233063 
  54	118.0	50.0	100.0	   424	       46798	121.87796021 
  55	216.0	0.0	98.0	   424	      609269	56.18822861 
  56	173.0	50.0	100.0	   432	      390857	43.84763336 
  57	112.0	0.0	69.0	   432	      413726	79.21997070 
  58	215.0	0.0	58.0	   432	      593481	2694.75048828 
  59	212.0	50.0	67.0	   432	      665180	9.99778175 
  60	223.0	38.0	81.0	   432	      672811	13.63560009 
  61	218.0	47.0	100.0	   433	       15004	168.33811951 
  62	220.0	0.0	6.0	   433	       47780	18.01788330 
  63	230.0	20.0	98.0	   434	      223549	115.33621979 
  64	220.0	50.0	100.0	   434	      327470	72.70576477 
  65	247.0	28.0	96.0	   434	      412465	151.34048462 
  66	220.0	50.0	100.0	   434	      591558	29.73240089 
  67	149.0	0.0	84.0	   434	      651121	163.56608582 
  68	211.0	0.0	41.0	   434	      809290	52.20267868 
  69	232.0	0.0	33.0	   434	      951239	20.20019531 
  70	213.0	50.0	100.0	   435	      147523	44.38687515 
  71	210.0	45.0	98.0	   435	      212743	45.96895599 
  72	236.0	30.0	100.0	   435	      354124	28.38350487 
  73	200.0	50.0	80.0	   435	      484113	16.32359886 
  74	229.0	0.0	98.0	   435	      601696	49.71197510 
  75	212.0	23.0	100.0	   435	      703284	74.00218201 
  76	128.0	47.0	100.0	   435	      728548	388.50158691 
  77	224.0	13.0	0.0	   435	      768854	68.30804443 
  78	219.0	25.0	100.0	   436	       38523	8.35166931 
  79	176.0	0.0	100.0	   436	      245602	65.58039856 
  80	192.0	50.0	100.0	   436	      467871	12.72885609 
  81	216.0	33.0	100.0	   436	      484594	15.08768749 
  82	224.0	50.0	97.0	   436	      509236	50.27978516 
  83	219.0	48.0	100.0	   436	      957099	74.37925720 
  84	218.0	50.0	100.0	   437	       94176	36.22690582 
  85	213.0	50.0	100.0	   437	      177959	26.73055077 
  86	218.0	50.0	100.0	   437	      455967	22.96105957 
  87	214.0	50.0	100.0	   437	      617127	96.34495544 
  88	215.0	50.0	100.0	   437	      625981	40.00061035 
  89	213.0	0.0	96.0	   437	      778181	45.41733932 
  90	228.0	0.0	62.0	   437	      976343	5.65658569 
  91	211.0	9.0	100.0	   438	      208132	66.34403992 
  92	228.0	50.0	100.0	   438	      219292	17.36602783 
  93	210.0	50.0	100.0	   438	      294924	27.21257591 
  94	221.0	0.0	0.0	   438	      521856	8.92456055 
  95	221.0	15.0	98.0	   438	      596613	59.94976807 
  96	209.0	46.0	100.0	   438	      691235	12.61604309 
  97	245.0	31.0	0.0	   438	      761746	12.68488503 
  98	206.0	50.0	36.0	   439	      100746	19.95946312 
  99	216.0	0.0	84.0	   439	      230780	20.20011902 
 100	207.0	50.0	96.0	   439	      350810	28.88126564 
 101	217.0	0.0	73.0	   439	      357902	21.39245605 
 102	97.0	50.0	0.0	   439	      744846	9.49782372 
 103	217.0	0.0	100.0	   439	      996440	7.31447887 
 104	224.0	28.0	100.0	   440	       51186	20.78255272 
 105	212.0	25.0	100.0	   440	      412415	31.25488663 
 106	209.0	29.0	87.0	   440	      437329	88.34150696 
 107	44.0	27.0	66.0	   440	      698269	17.00510597 
 108	190.0	16.0	30.0	   440	      897183	39.10813141 
 109	236.0	0.0	100.0	   441	      286731	14.14449120 
 110	218.0	38.0	100.0	   441	      608656	19.71026611 
 111	222.0	31.0	100.0	   441	      763663	48.80020905 
 112	210.0	9.0	95.0	   441	      866591	11.82373047 
 113	218.0	0.0	100.0	   441	      931342	45.39827728 
 114	177.0	46.0	86.0	   442	      121695	20.58253860 
 115	223.0	0.0	100.0	   442	      525111	23.71824265 
 116	229.0	0.0	100.0	   442	      917390	16.51456261 
 117	210.0	50.0	100.0	   443	      335464	19.44742966 
 118	219.0	18.0	100.0	   444	      349552	34.58197021 
 119	210.0	33.0	42.0	   444	      425148	24.94470215 
 120	228.0	35.0	61.0	   444	      474770	40.52897263 
 121	49.0	1.0	57.0	   444	      745335	16.62259293 
 122	215.0	50.0	99.0	   445	      226906	25.90836716 
 123	181.0	0.0	84.0	   445	      372947	31.43908691 
 124	208.0	50.0	100.0	   445	      574900	65.62813568 
 125	227.0	29.0	9.0	   445	      742785	34.35377884 
 126	231.0	34.0	100.0	   446	      377622	13.76766014 
 127	275.0	28.0	0.0	   446	      546141	4.41996241 
 128	235.0	50.0	85.0	   446	      867497	15.49021339 
 129	223.0	0.0	96.0	   446	      878160	15.99479198 
 130	219.0	0.0	100.0	   447	      408164	50.92118073 
 131	188.0	30.0	90.0	   447	      541793	12.69515038 
 132	213.0	0.0	100.0	   447	      725038	62.12546921 
 133	213.0	33.0	39.0	   447	      832545	12.01816845 
 134	212.0	45.0	97.0	   447	      962740	45.00307465 
 135	218.0	48.0	100.0	   448	       88529	34.86419296 
 136	218.0	0.0	4.0	   448	      201602	16.83890915 
 137	217.0	49.0	100.0	   449	      410943	15.16965771 
 138	219.0	36.0	100.0	   449	      851007	42.70928955 
 139	227.0	6.0	97.0	   450	       74819	9.63256931 
 140	217.0	48.0	100.0	   450	      556268	52.30228424 
 141	214.0	9.0	99.0	   450	      792361	74.04622650 
 142	238.0	41.0	27.0	   451	      533703	72.15476227 
 143	215.0	0.0	90.0	   451	      618351	23.67757034 
 144	231.0	50.0	100.0	   451	      903721	8.88020802 
 145	218.0	1.0	100.0	   452	      571319	31.71720314 
 146	216.0	20.0	100.0	   453	       37364	20.46598244 
 147	206.0	50.0	92.0	   453	      532541	23.82621384 
 148	231.0	0.0	21.0	   453	      766293	93.49575043 
 149	229.0	36.0	100.0	   454	       76352	72.92097473 
 150	212.0	50.0	100.0	   454	      295382	38.10459137 
 151	211.0	38.0	100.0	   454	      426134	16.08362770 
 152	217.0	0.0	100.0	   455	      458785	48.57216263 
 153	223.0	50.0	100.0	   456	      422415	12.06657410 
 154	234.0	9.0	100.0	   456	      772973	39.96647263 
 155	211.0	46.0	93.0	   457	        8528	21.56349564 
 156	208.0	50.0	100.0	   458	      161113	27.34910011 
 157	218.0	50.0	100.0	   458	      737204	37.36850739 
   1	192.0	0.0	0.0	    10	      656678	9.68205738 